== x = 31.000 : 1 loops
  loop 138 pts  y 0.163..36.663  z -15.842..-10.242
   (33.58,-10.24) (36.66,-15.81) (29.95,-15.84) (0.30,-15.84) (0.28,-15.84) (0.27,-15.84) (0.16,-15.52) (2.55,-13.13) (5.83,-12.09) (8.72,-10.29) (10.95,-10.24) (16.27,-10.24) (17.50,-11.59) (18.50,-12.29) (19.61,-12.80) (20.78,-13.12) (22.00,-13.22) (23.22,-13.12) (24.39,-12.80) (25.50,-12.29) (26.50,-11.59) (27.38,-10.71) (31.36,-10.24)
== x = 32.000 : 1 loops
  loop 211 pts  y 0.163..36.663  z -15.842..-1.429
   (15.26,-1.43) (13.39,-2.85) (12.35,-5.65) (10.52,-8.49) (8.02,-10.81) (5.00,-12.43) (1.65,-13.25) (0.16,-15.70) (0.45,-15.84) (0.49,-15.84) (0.54,-15.84) (36.23,-15.84) (36.66,-15.01) (28.94,-1.43) (27.36,-1.72) (28.34,-3.26) (28.89,-5.01) (28.97,-6.83) (28.58,-8.62) (27.73,-10.24) (26.57,-11.52) (25.58,-12.24) (24.47,-12.77) (23.30,-13.10) (22.08,-13.22) (20.87,-13.13) (19.69,-12.83) (18.58,-12.33) (17.57,-11.64) (16.64,-10.72) (15.66,-9.18) (15.11,-7.44) (15.03,-5.61) (15.42,-3.83) (16.27,-2.21) (15.26,-1.43)
== x = 33.000 : 6 loops
  loop 162 pts  y 0.163..36.663  z -22.523..2.977
   (0.16,-14.51) (3.04,-13.02) (6.28,-11.86) (9.12,-9.93) (11.37,-7.35) (12.89,-4.31) (13.80,-1.95) (15.11,-0.06) (16.85,1.45) (18.91,2.49) (22.62,2.98) (24.67,2.63) (26.87,1.63) (28.75,0.09) (32.09,-5.27) (36.58,-15.84) (33.33,-17.94) (31.18,-19.70) (27.46,-21.58) (23.39,-22.46) (19.23,-22.29) (15.25,-21.06) (11.71,-18.86) (8.84,-15.84) (0.72,-15.84) (0.65,-15.84) (0.60,-15.84)
  loop 145 pts  y 14.500..29.500  z -13.723..1.277
   (22.00,-13.72) (20.06,-13.47) (18.25,-12.72) (16.70,-11.53) (15.50,-9.97) (14.76,-8.16) (14.50,-6.22) (14.76,-4.28) (15.50,-2.47) (16.70,-0.92) (18.25,0.27) (20.06,1.02) (22.00,1.28) (23.94,1.02) (25.75,0.27) (27.30,-0.92) (28.50,-2.47) (29.24,-4.28) (29.50,-6.22) (29.24,-8.16) (28.50,-9.97) (27.30,-11.53) (25.75,-12.72) (23.94,-13.47) (22.00,-13.72)
  loop 20 pts  y 8.841..8.841  z -15.842..-15.842
   (8.84,-15.84) (8.84,-15.84) (8.84,-15.84) (8.84,-15.84)
  loop 2 pts  y 35.159..35.159  z -15.842..-15.842
   (35.16,-15.84)
  loop 2 pts  y 34.291..34.291  z -16.930..-16.930
   (34.29,-16.93)
  loop 2 pts  y 33.332..33.332  z -17.939..-17.939
   (33.33,-17.94)
== x = 34.000 : 2 loops
  loop 184 pts  y 0.163..36.663  z -22.523..2.977
   (0.16,-14.00) (3.28,-12.97) (6.51,-11.75) (9.32,-9.75) (11.52,-7.11) (12.99,-4.02) (13.91,-1.75) (15.28,0.12) (17.07,1.59) (19.17,2.57) (21.93,2.98) (24.94,2.54) (27.10,1.48) (28.92,-0.10) (34.08,-8.78) (36.54,-15.84) (34.29,-16.93) (31.62,-19.38) (28.75,-21.06) (24.77,-22.29) (20.61,-22.46) (16.54,-21.58) (12.82,-19.70) (9.71,-16.93) (8.65,-15.84) (8.63,-15.84) (8.60,-15.84) (1.01,-15.84) (0.90,-15.84) (0.81,-15.84) (0.16,-15.67)
  loop 145 pts  y 14.500..29.500  z -13.723..1.277
   (22.00,-13.72) (20.06,-13.47) (18.25,-12.72) (16.70,-11.53) (15.50,-9.97) (14.76,-8.16) (14.50,-6.22) (14.76,-4.28) (15.50,-2.47) (16.70,-0.92) (18.25,0.27) (20.06,1.02) (22.00,1.28) (23.94,1.02) (25.75,0.27) (27.30,-0.92) (28.50,-2.47) (29.24,-4.28) (29.50,-6.22) (29.24,-8.16) (28.50,-9.97) (27.30,-11.53) (25.75,-12.72) (23.94,-13.47) (22.00,-13.72)
== x = 35.500 : 1 loops
  loop 141 pts  y 0.163..36.663  z -22.523..-13.342
   (10.18,-13.34) (12.10,-15.84) (33.24,-14.23) (36.63,-13.34) (36.50,-15.84) (34.26,-21.34) (31.38,-19.55) (28.66,-21.10) (24.67,-22.30) (20.51,-22.45) (16.44,-21.54) (12.74,-19.63) (9.65,-16.85) (8.36,-15.84) (8.30,-15.84) (8.22,-15.84) (1.34,-15.84) (1.18,-15.84) (1.06,-15.84) (0.16,-15.39) (10.08,-13.34) (10.10,-13.34) (10.12,-13.34) (10.13,-13.34)
== x = 50.000 : 6 loops
  loop 84 pts  y 5.602..36.663  z -22.523..-13.342
   (10.18,-13.34) (12.10,-15.84) (32.92,-14.64) (35.26,-13.99) (36.02,-15.84) (33.81,-17.43) (31.47,-19.48) (28.11,-21.32) (24.08,-22.37) (19.92,-22.37) (15.89,-21.32) (12.27,-19.28) (9.28,-16.39) (5.60,-14.34)
  loop 16 pts  y 0.163..3.402  z -15.842..-13.342
   (0.16,-15.84) (1.56,-13.34) (3.40,-15.84)
  loop 2 pts  y 2.302..2.302  z -13.342..-13.342
   (2.30,-13.34)
  loop 2 pts  y 5.602..5.602  z -15.842..-15.842
   (5.60,-15.84)
  loop 2 pts  y 3.402..3.402  z -14.342..-14.342
   (3.40,-14.34)
  loop 2 pts  y 6.702..6.702  z -14.342..-14.342
   (6.70,-14.34)
== x = 65.500 : 6 loops
  loop 185 pts  y 19.500..24.500  z -8.723..-3.723
   (22.22,-8.71) (22.65,-8.64) (23.06,-8.49) (23.43,-8.27) (23.74,-8.02) (24.07,-7.62) (24.36,-7.04) (24.49,-6.40) (24.45,-5.74) (24.24,-5.13) (23.88,-4.58) (23.45,-4.19) (23.08,-3.97) (22.69,-3.82) (22.24,-3.74) (21.81,-3.73) (21.38,-3.80) (20.97,-3.95) (20.59,-4.16) (20.25,-4.44) (19.95,-4.79) (19.65,-5.37) (19.51,-6.01) (19.54,-6.66) (19.67,-7.12) (19.98,-7.69) (20.38,-8.12) (20.73,-8.38) (21.13,-8.56) (21.55,-8.68) (21.98,-8.72)
  loop 184 pts  y 0.163..36.663  z -22.523..2.977
   (23.19,2.94) (20.22,2.85) (18.04,2.14) (16.07,0.88) (14.48,-0.83) (13.37,-2.89) (12.28,-5.78) (10.37,-8.67) (7.79,-10.98) (4.70,-12.56) (1.32,-13.29) (0.87,-15.84) (0.90,-15.84) (0.99,-15.84) (1.13,-15.84) (8.46,-15.84) (8.51,-15.84) (8.55,-15.84) (10.67,-17.94) (14.01,-20.43) (17.87,-21.99) (22.00,-22.52) (26.13,-21.99) (29.99,-20.43) (31.66,-21.18) (35.66,-21.34) (36.66,-15.06) (30.05,-1.66) (28.61,0.25) (26.73,1.73) (24.53,2.67)
  loop 145 pts  y 14.900..17.100  z -7.323..-5.123
   (16.00,-7.32) (15.72,-7.29) (15.45,-7.18) (15.22,-7.00) (15.05,-6.77) (14.94,-6.51) (14.90,-6.22) (14.94,-5.94) (15.05,-5.67) (15.22,-5.45) (15.45,-5.27) (15.72,-5.16) (16.00,-5.12) (16.28,-5.16) (16.55,-5.27) (16.78,-5.45) (16.95,-5.67) (17.06,-5.94) (17.10,-6.22) (17.06,-6.51) (16.95,-6.77) (16.78,-7.00) (16.55,-7.18) (16.28,-7.29) (16.00,-7.32)
  loop 145 pts  y 26.900..29.100  z -7.323..-5.123
   (28.00,-7.32) (27.72,-7.29) (27.45,-7.18) (27.22,-7.00) (27.05,-6.77) (26.94,-6.51) (26.90,-6.22) (26.94,-5.94) (27.05,-5.67) (27.22,-5.45) (27.45,-5.27) (27.72,-5.16) (28.00,-5.12) (28.28,-5.16) (28.55,-5.27) (28.78,-5.45) (28.95,-5.67) (29.06,-5.94) (29.10,-6.22) (29.06,-6.51) (28.95,-6.77) (28.78,-7.00) (28.55,-7.18) (28.28,-7.29) (28.00,-7.32)
  loop 145 pts  y 20.900..23.100  z -1.323..0.877
   (22.00,-1.32) (21.72,-1.29) (21.45,-1.18) (21.22,-1.00) (21.05,-0.77) (20.94,-0.51) (20.90,-0.22) (20.94,0.06) (21.05,0.33) (21.22,0.55) (21.45,0.73) (21.72,0.84) (22.00,0.88) (22.28,0.84) (22.55,0.73) (22.78,0.55) (22.95,0.33) (23.06,0.06) (23.10,-0.22) (23.06,-0.51) (22.95,-0.77) (22.78,-1.00) (22.55,-1.18) (22.28,-1.29) (22.00,-1.32)
  loop 145 pts  y 20.900..23.100  z -13.323..-11.123
   (22.00,-13.32) (21.72,-13.29) (21.45,-13.18) (21.22,-13.00) (21.05,-12.77) (20.94,-12.51) (20.90,-12.22) (20.94,-11.94) (21.05,-11.67) (21.22,-11.45) (21.45,-11.27) (21.72,-11.16) (22.00,-11.12) (22.28,-11.16) (22.55,-11.27) (22.78,-11.45) (22.95,-11.67) (23.06,-11.94) (23.10,-12.22) (23.06,-12.51) (22.95,-12.77) (22.78,-13.00) (22.55,-13.18) (22.28,-13.29) (22.00,-13.32)
== x = 67.000 : 25 loops
  loop 185 pts  y 19.500..24.500  z -8.723..-3.723
   (22.22,-8.71) (22.65,-8.64) (23.06,-8.49) (23.43,-8.27) (23.75,-8.01) (24.11,-7.55) (24.39,-6.96) (24.50,-6.31) (24.43,-5.66) (24.20,-5.05) (23.82,-4.52) (23.49,-4.22) (23.12,-3.99) (22.78,-3.85) (22.29,-3.74) (21.85,-3.73) (21.42,-3.79) (21.01,-3.93) (20.62,-4.14) (20.28,-4.41) (19.95,-4.79) (19.65,-5.37) (19.51,-6.01) (19.54,-6.66) (19.70,-7.19) (20.03,-7.75) (20.35,-8.10) (20.70,-8.36) (21.09,-8.55) (21.51,-8.67) (21.94,-8.72)
  loop 181 pts  y 19.800..24.200  z -2.423..1.977
   (22.19,-2.41) (22.57,-2.35) (22.93,-2.22) (23.26,-2.03) (23.56,-1.78) (23.91,-1.32) (24.13,-0.79) (24.20,-0.22) (24.13,0.35) (23.91,0.88) (23.56,1.33) (23.26,1.58) (22.93,1.77) (22.57,1.90) (22.19,1.97) (21.81,1.97) (21.43,1.90) (21.07,1.77) (20.74,1.58) (20.44,1.33) (20.09,0.88) (19.87,0.35) (19.80,-0.22) (19.87,-0.79) (20.09,-1.32) (20.44,-1.78) (20.74,-2.03) (21.07,-2.22) (21.43,-2.35) (21.81,-2.41) (22.19,-2.41)
  loop 181 pts  y 13.800..18.200  z -8.423..-4.023
   (16.19,-8.41) (16.57,-8.35) (16.93,-8.22) (17.26,-8.03) (17.56,-7.78) (17.91,-7.32) (18.13,-6.79) (18.20,-6.22) (18.13,-5.65) (17.91,-5.12) (17.56,-4.67) (17.26,-4.42) (16.93,-4.23) (16.57,-4.10) (16.19,-4.03) (15.81,-4.03) (15.43,-4.10) (15.07,-4.23) (14.74,-4.42) (14.44,-4.67) (14.09,-5.12) (13.87,-5.65) (13.80,-6.22) (13.87,-6.79) (14.09,-7.32) (14.44,-7.78) (14.74,-8.03) (15.07,-8.22) (15.43,-8.35) (15.81,-8.41) (16.19,-8.41)
  loop 181 pts  y 25.800..30.200  z -8.423..-4.023
   (28.19,-8.41) (28.57,-8.35) (28.93,-8.22) (29.26,-8.03) (29.56,-7.78) (29.91,-7.32) (30.13,-6.79) (30.20,-6.22) (30.13,-5.65) (29.91,-5.12) (29.56,-4.67) (29.26,-4.42) (28.93,-4.23) (28.57,-4.10) (28.19,-4.03) (27.81,-4.03) (27.43,-4.10) (27.07,-4.23) (26.74,-4.42) (26.44,-4.67) (26.09,-5.12) (25.87,-5.65) (25.80,-6.22) (25.87,-6.79) (26.09,-7.32) (26.44,-7.78) (26.74,-8.03) (27.07,-8.22) (27.43,-8.35) (27.81,-8.41) (28.19,-8.41)
  loop 181 pts  y 19.800..24.200  z -14.423..-10.023
   (22.19,-14.41) (22.57,-14.35) (22.93,-14.22) (23.26,-14.03) (23.56,-13.78) (23.91,-13.32) (24.13,-12.79) (24.20,-12.22) (24.13,-11.65) (23.91,-11.12) (23.56,-10.67) (23.26,-10.42) (22.93,-10.23) (22.57,-10.10) (22.19,-10.03) (21.81,-10.03) (21.43,-10.10) (21.07,-10.23) (20.74,-10.42) (20.44,-10.67) (20.09,-11.12) (19.87,-11.65) (19.80,-12.22) (19.87,-12.79) (20.09,-13.32) (20.44,-13.78) (20.74,-14.03) (21.07,-14.22) (21.43,-14.35) (21.81,-14.41) (22.19,-14.41)
  loop 165 pts  y 0.163..36.663  z -22.523..2.977
   (23.61,2.88) (20.25,2.86) (18.04,2.14) (16.07,0.88) (14.48,-0.83) (13.37,-2.89) (12.28,-5.78) (10.37,-8.67) (7.79,-10.98) (4.70,-12.56) (1.32,-13.29) (0.63,-15.84) (0.65,-15.84) (0.71,-15.84) (0.79,-15.84) (8.84,-15.84) (8.84,-15.84) (8.84,-15.84) (12.82,-19.70) (20.61,-22.46) (28.75,-21.06) (32.29,-18.86) (35.16,-15.84) (36.66,-14.46) (29.91,-1.45) (28.45,0.39) (26.57,1.81) (24.38,2.71)
  loop 3 pts  y 31.176..31.176  z -19.695..-19.695
   (31.18,-19.70)
  loop 2 pts  y 8.841..8.841  z -15.842..-15.842
   (8.84,-15.84)
  loop 2 pts  y 9.709..9.709  z -16.930..-16.930
   (9.71,-16.93)
  loop 2 pts  y 10.668..10.668  z -17.939..-17.939
   (10.67,-17.94)
  loop 2 pts  y 11.708..11.708  z -18.863..-18.863
   (11.71,-18.86)
  loop 2 pts  y 12.824..12.824  z -19.695..-19.695
   (12.82,-19.70)
  loop 2 pts  y 14.007..14.007  z -20.429..-20.429
   (14.01,-20.43)
  loop 2 pts  y 15.248..15.248  z -21.059..-21.059
   (15.25,-21.06)
  loop 2 pts  y 16.539..16.539  z -21.581..-21.581
   (16.54,-21.58)
  loop 2 pts  y 17.869..17.869  z -21.991..-21.991
   (17.87,-21.99)
  loop 2 pts  y 19.229..19.229  z -22.286..-22.286
   (19.23,-22.29)
  loop 2 pts  y 20.609..20.609  z -22.463..-22.463
   (20.61,-22.46)
  loop 2 pts  y 22.000..22.000  z -22.523..-22.523
   (22.00,-22.52)
  loop 2 pts  y 23.391..23.391  z -22.463..-22.463
   (23.39,-22.46)
  loop 2 pts  y 24.771..24.771  z -22.286..-22.286
   (24.77,-22.29)
  loop 2 pts  y 26.131..26.131  z -21.991..-21.991
   (26.13,-21.99)
  loop 2 pts  y 27.461..27.461  z -21.581..-21.581
   (27.46,-21.58)
  loop 2 pts  y 28.752..28.752  z -21.059..-21.059
   (28.75,-21.06)
  loop 2 pts  y 29.993..29.993  z -20.429..-20.429
   (29.99,-20.43)
== x = 68.500 : 4 loops
  loop 433 pts  y 0.163..36.663  z -15.842..-5.019
   (1.07,-13.30) (0.38,-15.84) (0.40,-15.84) (0.43,-15.84) (0.47,-15.84) (36.32,-15.84) (36.66,-13.34) (30.25,-5.02) (30.00,-5.30) (30.17,-5.85) (30.19,-6.43) (30.06,-6.99) (29.79,-7.51) (29.41,-7.91) (29.10,-8.13) (28.75,-8.29) (28.38,-8.39) (28.00,-8.42) (27.62,-8.39) (27.25,-8.29) (26.90,-8.13) (26.59,-7.91) (26.30,-7.62) (26.00,-7.13) (25.83,-6.59) (25.81,-6.02) (25.93,-5.47) (24.75,-5.02) (24.41,-5.58) (24.50,-6.22) (24.41,-6.87) (24.17,-7.47) (23.77,-7.99) (23.51,-8.21) (23.14,-8.45) (22.74,-8.61) (22.31,-8.70) (21.88,-8.72) (21.45,-8.66) (21.03,-8.53) (20.65,-8.33) (20.30,-8.06) (19.95,-7.66) (19.65,-7.08) (19.54,-6.65) (19.51,-6.00) (19.65,-5.37) (18.05,-5.02) (18.07,-5.47) (18.19,-6.03) (18.17,-6.60) (17.99,-7.15) (17.69,-7.64) (17.35,-7.96) (17.03,-8.17) (16.68,-8.32) (16.30,-8.40) (15.92,-8.42) (15.54,-8.37) (15.17,-8.26) (14.83,-8.09) (14.52,-7.85) (14.20,-7.48) (13.93,-6.98) (13.81,-6.41) (13.83,-5.84) (14.01,-5.29) (13.74,-5.02) (12.27,-5.81) (10.29,-8.76) (7.63,-11.08) (4.48,-12.62) (1.07,-13.30)
  loop 181 pts  y 19.800..24.200  z -14.423..-10.023
   (22.19,-14.41) (22.57,-14.35) (22.93,-14.22) (23.26,-14.03) (23.56,-13.78) (23.91,-13.32) (24.13,-12.79) (24.20,-12.22) (24.13,-11.65) (23.91,-11.12) (23.56,-10.67) (23.26,-10.42) (22.93,-10.23) (22.57,-10.10) (22.19,-10.03) (21.81,-10.03) (21.43,-10.10) (21.07,-10.23) (20.74,-10.42) (20.44,-10.67) (20.09,-11.12) (19.87,-11.65) (19.80,-12.22) (19.87,-12.79) (20.09,-13.32) (20.44,-13.78) (20.74,-14.03) (21.07,-14.22) (21.43,-14.35) (21.81,-14.41) (22.19,-14.41)
  loop 2 pts  y 24.266..24.266  z -5.167..-5.166
   (24.27,-5.17)
  loop 2 pts  y 19.734..19.735  z -5.166..-5.165
   (19.73,-5.17)
== x = 69.500 : 2 loops
  loop 208 pts  y 0.163..36.663  z -15.842..-13.014
   (1.31,-13.29) (0.22,-15.84) (0.22,-15.84) (0.23,-15.84) (0.24,-15.84) (36.57,-15.84) (36.66,-13.34) (36.36,-13.01) (36.28,-13.01) (34.03,-13.01) (33.75,-13.01) (33.48,-13.01) (24.16,-13.01) (23.80,-13.48) (23.48,-13.85) (23.18,-14.08) (22.84,-14.26) (22.47,-14.37) (22.09,-14.42) (21.71,-14.40) (21.33,-14.32) (20.98,-14.17) (20.66,-13.97) (20.31,-13.64) (20.01,-13.15) (19.78,-13.01) (18.92,-13.01) (18.72,-13.01) (18.49,-13.01) (18.26,-13.01) (18.06,-13.01) (5.63,-13.01) (5.24,-13.01) (4.60,-13.01) (2.47,-13.14)
  loop 2 pts  y 23.993..23.994  z -13.154..-13.153
   (23.99,-13.15)
== y = 22.000 : 15 loops
  loop 56 pts  x 30.364..69.854  z -22.523..-13.223
   (32.50,-13.72) (35.30,-14.22) (64.70,-13.45) (69.68,-14.48) (67.00,-15.84) (67.00,-19.29) (67.00,-22.52) (33.00,-19.29) (33.00,-15.84) (32.50,-13.22)
  loop 13 pts  x 64.700..69.126  z -11.123..-8.723
   (64.70,-8.72) (66.50,-10.02) (64.70,-8.72)
  loop 12 pts  x 64.700..67.625  z 0.877..2.977
   (67.63,1.98) (64.70,1.06)
  loop 12 pts  x 32.250..35.300  z 0.777..2.977
   (32.50,1.28) (33.90,2.98)
  loop 10 pts  x 64.700..68.338  z -3.723..-1.323
   (66.50,-2.42) (68.34,-3.72)
  loop 2 pts  x 66.500..66.500  z 1.977..1.977
   (66.50,1.98)
  loop 2 pts  x 32.500..32.500  z 0.777..0.777
   (32.50,0.78)
  loop 2 pts  x 30.662..30.662  z -13.223..-13.223
   (30.66,-13.22)
  loop 2 pts  x 35.300..35.300  z 1.777..1.777
   (35.30,1.78)
  loop 2 pts  x 64.700..64.700  z -3.723..-3.723
   (64.70,-3.72)
  loop 2 pts  x 34.800..34.800  z 1.277..1.277
   (34.80,1.28)
  loop 2 pts  x 64.700..64.700  z -1.323..-1.323
   (64.70,-1.32)
  loop 2 pts  x 66.500..66.500  z -1.323..-1.323
   (66.50,-1.32)
  loop 2 pts  x 66.500..66.500  z -13.323..-13.323
   (66.50,-13.32)
  loop 2 pts  x 66.500..66.500  z -14.423..-14.423
   (66.50,-14.42)
== y = 10.000 : 3 loops
  loop 161 pts  x 30.364..69.854  z -17.236..-9.070
   (66.95,-9.07) (69.10,-9.83) (69.19,-10.50) (69.23,-10.87) (67.00,-15.84) (67.00,-16.15) (67.00,-16.49) (56.69,-17.24) (33.00,-16.49) (33.00,-16.15) (33.00,-15.84) (30.51,-14.54) (30.56,-14.14) (30.64,-13.43) (30.84,-11.61) (31.02,-10.11) (35.30,-9.07) (35.30,-13.32) (35.67,-13.34) (35.76,-13.34) (35.89,-13.34) (36.03,-13.34) (63.99,-13.34) (64.13,-13.34) (64.26,-13.34) (64.70,-13.34) (64.70,-13.17)
  loop 2 pts  x 35.300..35.300  z -13.342..-13.341
   (35.30,-13.34)
  loop 2 pts  x 64.700..64.700  z -13.342..-13.341
   (64.70,-13.34)
== y = 30.000 : 1 loops
  loop 258 pts  x 30.364..69.854  z -20.424..-1.586
   (67.69,-1.59) (68.29,-3.35) (68.31,-3.54) (68.36,-3.93) (68.37,-4.00) (68.39,-4.18) (68.45,-4.63) (66.50,-5.31) (66.50,-5.87) (66.50,-6.40) (66.50,-6.95) (68.83,-7.65) (68.96,-8.68) (69.05,-9.38) (69.11,-9.93) (69.74,-14.90) (69.76,-15.08) (69.85,-15.84) (67.00,-19.49) (33.00,-17.65) (30.50,-14.65) (30.53,-14.36) (30.61,-13.72) (30.73,-12.64) (31.09,-9.45) (31.46,-6.19) (31.98,-1.59) (35.30,-3.90) (35.30,-6.22) (35.30,-10.91) (35.30,-14.07) (35.30,-15.38) (64.70,-15.84) (64.70,-15.27) (64.70,-15.15) (64.70,-12.98) (64.70,-9.34) (64.70,-8.02) (64.70,-7.46) (64.70,-7.12) (64.70,-6.66) (64.70,-1.86) (64.70,-1.80)
== z = -14.500 : 3 loops
  loop 195 pts  x 30.517..69.686  y 0.163..36.663
   (30.52,5.63) (30.52,7.90) (30.52,10.32) (30.52,29.33) (30.52,30.94) (30.52,32.73) (30.52,34.23) (44.00,36.66) (56.00,36.66) (69.69,35.46) (69.69,35.32) (69.69,35.19) (69.69,27.81) (69.69,25.68) (69.69,23.72) (69.69,21.87) (69.69,21.25) (69.69,20.63) (69.69,20.17) (69.69,19.75) (69.69,19.35) (69.69,19.24) (69.69,19.14) (69.69,19.03) (69.69,18.92) (69.69,2.82) (69.69,2.63) (69.69,2.36) (69.69,1.73) (56.00,0.16) (44.00,0.16) (30.52,1.73) (30.52,5.02)
  loop 145 pts  x 48.900..51.100  y 3.402..5.602
   (50.00,5.60) (49.72,5.56) (49.45,5.45) (49.22,5.28) (49.05,5.05) (48.94,4.79) (48.90,4.50) (48.94,4.22) (49.05,3.95) (49.22,3.72) (49.45,3.55) (49.72,3.44) (50.00,3.40) (50.28,3.44) (50.55,3.55) (50.78,3.72) (50.95,3.95) (51.06,4.22) (51.10,4.50) (51.06,4.79) (50.95,5.05) (50.78,5.28) (50.55,5.45) (50.28,5.56) (50.00,5.60)
  loop 71 pts  x 35.300..64.700  y 10.969..33.031
   (35.30,10.97) (64.70,20.46) (64.70,20.57) (64.70,20.83) (64.70,21.16) (64.70,27.07) (64.70,27.86) (64.70,33.03) (35.30,30.46) (35.30,26.34) (35.30,18.66) (35.30,13.93)
== z = -18.000 : 3 loops
  loop 59 pts  x 33.000..67.000  y 10.736..35.663
   (64.76,10.74) (33.00,12.32) (33.00,15.84) (33.07,33.26) (39.10,35.66) (60.90,33.26) (65.90,35.36) (67.00,25.59) (67.00,14.18) (67.00,11.74)
  loop 10 pts  x 62.400..64.400  y 33.265..34.163
   (64.00,33.27) (62.40,33.73)
  loop 10 pts  x 35.600..37.600  y 33.265..34.163
   (37.60,33.73) (35.60,33.27)
== z = -21.500 : 1 loops
  loop 35 pts  x 33.000..67.000  y 16.339..27.661
   (38.26,16.34) (33.00,16.42) (33.00,21.27) (67.00,27.66) (67.00,18.90) (67.00,16.40)
== z = -8.000 : 5 loops
  loop 108 pts  x 64.700..68.873  y 23.758..33.637
   (67.71,23.76) (64.70,23.82) (64.70,23.87) (64.70,33.48) (64.70,33.54) (64.70,33.58) (64.70,33.60) (68.87,31.93) (68.87,30.91) (68.87,29.63) (66.50,29.25) (66.50,28.67) (66.50,28.19) (66.50,27.72) (66.50,27.20) (66.50,26.71) (68.87,26.35) (68.87,25.92)
  loop 105 pts  x 64.700..68.873  y 10.907..20.242
   (67.78,10.91) (68.87,12.66) (68.87,14.42) (66.50,14.76) (66.50,15.38) (66.50,15.88) (66.50,16.35) (66.50,16.85) (67.55,17.30) (68.87,17.77) (68.87,19.69) (68.87,19.81) (68.87,20.23) (64.70,20.20) (64.70,14.29) (64.70,13.05) (64.70,12.43) (64.70,11.86)
  loop 27 pts  x 31.254..35.300  y 28.769..33.637
   (32.50,29.28) (31.25,30.35) (35.30,33.64) (35.30,31.19) (34.80,29.28)
  loop 20 pts  x 31.254..35.300  y 10.907..15.231
   (32.50,14.72) (31.25,12.95) (35.30,13.05) (33.09,14.72)
  loop 2 pts  x 68.873..68.873  y 20.233..20.233
   (68.87,20.23)
== z = 0.000 : 4 loops
  loop 45 pts  x 64.700..67.872  y 15.167..20.924
   (67.65,19.81) (67.87,18.62) (65.89,15.17) (64.70,16.57) (64.70,18.00) (64.70,18.99) (64.70,20.91) (66.50,20.43)
  loop 34 pts  x 32.162..35.300  y 15.167..18.809
   (32.50,17.82) (32.16,18.80) (32.16,17.64) (32.16,15.84) (35.30,16.24) (34.85,17.73)
  loop 29 pts  x 32.162..35.300  y 25.191..28.832
   (32.50,25.59) (32.16,25.60) (32.16,27.29) (33.49,28.83) (34.90,26.36)
  loop 23 pts  x 64.700..67.872  y 23.076..28.832
   (66.72,24.19) (64.70,23.19) (64.70,25.00) (66.04,28.83)
== y = 30.000 : 1 loops
  loop 258 pts  x 30.364..69.854  z -20.424..-1.586
   (67.69,-1.59) (68.08,-1.65) (68.08,-1.66) (68.29,-3.35) (68.30,-3.42) (68.31,-3.49) (68.31,-3.54) (68.32,-3.56) (68.36,-3.87) (68.36,-3.93) (68.37,-3.95) (68.37,-3.97) (68.37,-4.00) (68.38,-4.04) (68.39,-4.10) (68.39,-4.18) (68.41,-4.27) (68.42,-4.39) (68.45,-4.63) (68.50,-5.04) (68.54,-5.31) (66.50,-5.31) (66.50,-5.49) (66.50,-5.69) (66.50,-5.87) (66.50,-6.05) (66.50,-6.22) (66.50,-6.40) (66.50,-6.58) (66.50,-6.76) (66.50,-6.95) (66.69,-7.14) (68.77,-7.16) (68.83,-7.65) (68.87,-8.01) (68.93,-8.42) (68.96,-8.68) (68.99,-8.93) (69.02,-9.16) (69.05,-9.38) (69.07,-9.58) (69.09,-9.76) (69.11,-9.93) (69.71,-14.71) (69.73,-14.83) (69.74,-14.90) (69.74,-14.97) (69.75,-15.03) (69.76,-15.08) (69.76,-15.12) (69.77,-15.15) (69.85,-15.84) (67.00,-15.84) (67.00,-17.65) (67.00,-19.49) (66.79,-20.42) (33.00,-19.49) (33.00,-17.65) (33.00,-15.84) (30.36,-15.84) (30.50,-14.65) (30.51,-14.59) (30.52,-14.49) (30.53,-14.36) (30.55,-14.19) (30.58,-13.98) (30.61,-13.72) (30.64,-13.41) (30.68,-13.05) (30.73,-12.64) (30.84,-11.66) (30.97,-10.54) (31.09,-9.45) (31.22,-8.28) (31.35,-7.15) (31.46,-6.19) (31.96,-1.77) (31.97,-1.71) (31.98,-1.59) (35.30,-1.59) (35.30,-1.69) (35.30,-3.90) (35.30,-4.59) (35.30,-5.10) (35.30,-6.22) (35.30,-7.79) (35.30,-9.45) (35.30,-10.91) (35.30,-11.86) (35.30,-12.91) (35.30,-14.07) (35.30,-14.75) (35.30,-15.15) (35.30,-15.38) (35.30,-15.50) (35.30,-15.84) (64.70,-15.84) (64.70,-15.33) (64.70,-15.30) (64.70,-15.27) (64.70,-15.23) (64.70,-15.19) (64.70,-15.15) (64.70,-14.36) (64.70,-13.65) (64.70,-12.98) (64.70,-12.91) (64.70,-9.41) (64.70,-9.34) (64.70,-9.27) (64.70,-9.20) (64.70,-8.02) (64.70,-7.56) (64.70,-7.52) (64.70,-7.46) (64.70,-7.37) (64.70,-7.26) (64.70,-7.12) (64.70,-6.98) (64.70,-6.82) (64.70,-6.66) (64.70,-6.50) (64.70,-6.36) (64.70,-1.86) (64.70,-1.84) (64.70,-1.82) (64.70,-1.80) (64.70,-1.78) (64.70,-1.59)
== y = 10.000 : 3 loops
  loop 161 pts  x 30.364..69.854  z -17.236..-9.070
   (66.95,-9.07) (69.03,-9.29) (69.08,-9.62) (69.10,-9.83) (69.14,-10.14) (69.17,-10.36) (69.19,-10.50) (69.20,-10.63) (69.22,-10.75) (69.23,-10.87) (69.24,-10.97) (69.85,-15.84) (67.00,-15.84) (67.00,-15.94) (67.00,-16.04) (67.00,-16.15) (67.00,-16.25) (67.00,-16.37) (67.00,-16.49) (67.00,-16.63) (67.00,-17.13) (56.69,-17.24) (33.00,-17.13) (33.00,-16.63) (33.00,-16.49) (33.00,-16.37) (33.00,-16.25) (33.00,-16.15) (33.00,-16.04) (33.00,-15.94) (33.00,-15.84) (30.36,-15.84) (30.50,-14.62) (30.51,-14.54) (30.52,-14.44) (30.54,-14.30) (30.56,-14.14) (30.58,-13.93) (30.61,-13.70) (30.64,-13.43) (30.67,-13.12) (30.75,-12.42) (30.84,-11.61) (30.96,-10.61) (30.99,-10.30) (31.02,-10.11) (31.09,-9.41) (31.13,-9.07) (35.30,-9.07) (35.30,-12.97) (35.30,-13.25) (35.30,-13.32) (35.30,-13.34) (35.45,-13.34) (35.67,-13.34) (35.69,-13.34) (35.72,-13.34) (35.76,-13.34) (35.80,-13.34) (35.84,-13.34) (35.89,-13.34) (35.94,-13.34) (35.99,-13.34) (36.03,-13.34) (36.05,-13.34) (63.96,-13.34) (63.99,-13.34) (64.03,-13.34) (64.08,-13.34) (64.13,-13.34) (64.18,-13.34) (64.22,-13.34) (64.26,-13.34) (64.29,-13.34) (64.32,-13.34) (64.70,-13.34) (64.70,-13.33) (64.70,-13.29) (64.70,-13.17) (64.70,-12.20) (66.95,-9.07)
  loop 2 pts  x 35.300..35.300  z -13.342..-13.341
   (35.30,-13.34)
  loop 2 pts  x 64.700..64.700  z -13.342..-13.341
   (64.70,-13.34)
== y = 33.500 : 3 loops
  loop 184 pts  x 30.364..69.854  z -21.342..-7.757
   (63.08,-17.77) (64.40,-19.19) (64.60,-21.34) (65.90,-19.75) (65.90,-17.76) (67.00,-17.76) (67.00,-15.84) (69.85,-15.84) (69.81,-15.51) (69.81,-15.50) (69.81,-15.48) (69.81,-15.46) (69.80,-15.43) (69.80,-15.40) (69.79,-15.36) (69.79,-15.30) (69.50,-13.03) (69.49,-12.96) (69.48,-12.87) (69.47,-12.77) (69.46,-12.67) (69.44,-12.56) (69.43,-12.44) (69.41,-12.32) (69.39,-12.12) (69.20,-10.64) (69.17,-10.41) (69.14,-10.17) (69.12,-9.96) (69.09,-9.77) (68.84,-7.76) (64.70,-7.76) (64.70,-7.95) (64.70,-7.96) (64.70,-7.97) (64.70,-7.97) (64.70,-7.98) (64.70,-7.99) (64.70,-7.99) (64.70,-8.00) (64.70,-8.00) (64.70,-8.00) (64.70,-8.02) (64.70,-8.07) (64.70,-8.07) (64.70,-8.08) (64.70,-8.08) (64.70,-13.31) (64.70,-13.31) (64.70,-13.83) (35.30,-13.83) (35.30,-13.08) (35.30,-12.94) (35.30,-12.81) (35.30,-12.69) (35.30,-12.62) (35.30,-12.60) (35.30,-7.76) (31.28,-7.76) (31.01,-10.16) (30.95,-10.66) (30.89,-11.22) (30.83,-11.76) (30.62,-13.59) (30.56,-14.10) (30.53,-14.42) (30.50,-14.61) (30.49,-14.76) (30.47,-14.90) (30.46,-15.01) (30.45,-15.10) (30.44,-15.17) (30.43,-15.23) (30.43,-15.26) (30.43,-15.29) (30.66,-15.84) (33.00,-16.90) (33.91,-17.76) (34.10,-18.18) (34.10,-20.26) (35.20,-21.34) (35.60,-18.88) (36.28,-17.77) (37.60,-19.19) (37.80,-21.34) (39.10,-19.75) (39.10,-17.76) (60.90,-17.76) (60.90,-19.75) (60.90,-21.34) (62.40,-21.34) (62.40,-17.77)
  loop 2 pts  x 64.700..64.700  z -8.003..-8.002
   (64.70,-8.00)
  loop 2 pts  x 64.700..64.700  z -8.004..-8.004
   (64.70,-8.00)
== z = -18.000 : 3 loops
  loop 59 pts  x 33.000..67.000  y 10.736..35.663
   (64.76,10.74) (33.00,10.74) (33.00,10.77) (33.00,11.28) (33.00,11.74) (33.00,12.01) (33.00,12.32) (33.00,12.68) (33.00,13.09) (33.00,13.58) (33.00,14.18) (33.00,14.91) (33.00,15.84) (33.00,17.08) (33.00,18.79) (33.00,21.35) (33.00,25.59) (33.00,33.26) (33.07,33.26) (34.10,33.26) (34.10,33.37) (34.10,34.62) (34.10,35.66) (36.06,35.66) (39.10,35.66) (39.10,35.36) (39.10,34.62) (39.10,33.37) (39.10,33.26) (40.54,33.26) (60.90,33.26) (60.90,33.37) (60.90,34.62) (60.90,35.66) (62.86,35.66) (65.90,35.66) (65.90,35.36) (65.90,34.62) (65.90,33.37) (65.90,33.26) (65.97,33.26) (67.00,33.26) (67.00,25.59) (67.00,21.35) (67.00,18.79) (67.00,17.08) (67.00,15.84) (67.00,14.91) (67.00,14.18) (67.00,13.58) (67.00,13.09) (67.00,12.68) (67.00,12.32) (67.00,12.01) (67.00,11.74) (67.00,11.28) (67.00,10.77) (67.00,10.74) (64.76,10.74)
  loop 10 pts  x 62.400..64.400  y 33.265..34.163
   (64.00,33.27) (64.40,33.27) (64.40,33.73) (64.40,34.16) (62.83,34.16) (62.40,34.16) (62.40,33.73) (62.40,33.62) (62.40,33.27) (64.00,33.27)
  loop 10 pts  x 35.600..37.600  y 33.265..34.163
   (37.60,33.73) (37.60,34.16) (37.17,34.16) (35.60,34.16) (35.60,33.73) (35.60,33.62) (35.60,33.27) (37.20,33.27) (37.60,33.27) (37.60,33.73)
== z = -20.000 : 5 loops
  loop 37 pts  x 33.000..67.000  y 13.316..30.684
   (52.87,13.32) (33.00,13.32) (33.00,13.43) (33.00,13.73) (33.00,13.99) (33.00,14.22) (33.00,14.42) (33.00,14.95) (33.00,15.54) (33.00,16.23) (33.00,17.03) (33.00,17.98) (33.00,19.12) (33.00,20.53) (33.00,22.33) (33.00,24.71) (33.00,28.02) (33.00,30.68) (47.13,30.68) (67.00,30.68) (67.00,28.02) (67.00,24.71) (67.00,22.33) (67.00,20.53) (67.00,19.12) (67.00,17.98) (67.00,17.03) (67.00,16.23) (67.00,15.54) (67.00,14.95) (67.00,14.42) (67.00,14.22) (67.00,13.99) (67.00,13.73) (67.00,13.43) (67.00,13.32) (52.87,13.32)
  loop 16 pts  x 34.100..39.100  y 31.663..35.663
   (34.10,35.66) (37.88,35.66) (39.10,35.66) (39.10,35.54) (39.10,35.25) (39.10,34.74) (39.10,33.84) (39.10,32.00) (39.10,31.66) (37.47,31.66) (34.10,31.66) (34.10,32.97) (34.10,33.84) (34.10,34.74) (34.10,35.25) (34.10,35.66)
  loop 16 pts  x 60.900..65.900  y 31.663..35.663
   (60.90,35.66) (64.68,35.66) (65.90,35.66) (65.90,35.54) (65.90,35.25) (65.90,34.74) (65.90,33.84) (65.90,32.00) (65.90,31.66) (62.53,31.66) (60.90,31.66) (60.90,32.97) (60.90,33.84) (60.90,34.74) (60.90,35.25) (60.90,35.66)
  loop 11 pts  x 62.400..64.400  y 33.163..34.163
   (62.40,33.16) (63.57,33.16) (64.40,33.16) (64.40,33.75) (64.40,33.99) (64.40,34.16) (63.77,34.16) (62.40,34.16) (62.40,33.99) (62.40,33.35) (62.40,33.16)
  loop 11 pts  x 35.600..37.600  y 33.163..34.163
   (37.60,33.99) (37.60,34.16) (36.23,34.16) (35.60,34.16) (35.60,33.99) (35.60,33.35) (35.60,33.16) (36.43,33.16) (37.60,33.16) (37.60,33.75) (37.60,33.99)
== x = 63.400 : 1 loops
  loop 144 pts  y 0.163..36.663  z -22.523..-13.342
   (33.92,-17.34) (34.16,-21.34) (35.66,-18.59) (36.66,-15.84) (36.66,-13.34) (33.82,-13.34) (32.63,-15.02) (31.90,-15.84) (12.10,-15.84) (10.78,-14.26) (10.18,-13.34) (9.86,-13.34) (9.83,-13.34) (9.79,-13.34) (9.73,-13.34) (9.67,-13.34) (9.61,-13.34) (8.89,-13.34) (0.16,-13.54) (1.21,-15.84) (1.22,-15.84) (1.26,-15.84) (1.32,-15.84) (1.40,-15.84) (1.49,-15.84) (1.59,-15.84) (7.86,-15.84) (7.93,-15.84) (7.99,-15.84) (8.05,-15.84) (8.10,-15.84) (8.14,-15.84) (8.93,-15.96) (10.67,-17.94) (11.83,-18.95) (14.01,-20.43) (15.38,-21.11) (17.87,-21.99) (19.38,-22.30) (22.00,-22.52) (23.54,-22.44) (26.13,-21.99) (27.60,-21.53) (29.99,-20.43) (31.24,-19.65) (31.66,-20.35) (33.16,-21.34) (33.42,-17.85)
== x = 36.600 : 1 loops
  loop 148 pts  y 0.163..36.663  z -22.523..-13.342
   (10.18,-13.34) (11.37,-15.02) (12.10,-15.84) (31.90,-15.84) (33.22,-14.26) (33.82,-13.34) (36.45,-13.34) (36.66,-15.29) (36.46,-15.84) (35.66,-18.59) (34.16,-21.34) (33.92,-17.34) (33.16,-18.10) (32.73,-21.34) (31.66,-19.35) (31.05,-19.77) (28.75,-21.06) (27.32,-21.62) (24.77,-22.29) (23.24,-22.47) (20.61,-22.46) (19.08,-22.25) (16.54,-21.58) (15.12,-20.99) (12.82,-19.70) (11.60,-18.77) (9.71,-16.93) (8.16,-15.84) (8.15,-15.84) (8.13,-15.84) (8.08,-15.84) (8.03,-15.84) (7.97,-15.84) (7.90,-15.84) (1.62,-15.84) (1.52,-15.84) (1.43,-15.84) (1.34,-15.84) (1.27,-15.84) (1.22,-15.84) (0.16,-15.55) (0.16,-13.34) (9.55,-13.34) (9.61,-13.34) (9.67,-13.34) (9.73,-13.34) (9.79,-13.34) (9.83,-13.34) (9.86,-13.34) (10.18,-13.34)
== x = 50.000 : 6 loops
  loop 84 pts  y 5.602..36.663  z -22.523..-13.342
   (10.18,-13.34) (10.47,-13.78) (10.76,-14.22) (11.08,-14.64) (11.40,-15.06) (11.75,-15.45) (12.10,-15.84) (16.15,-15.84) (26.05,-15.84) (31.90,-15.84) (32.25,-15.45) (32.60,-15.06) (32.92,-14.64) (33.24,-14.22) (33.53,-13.78) (33.82,-13.34) (34.85,-13.34) (35.26,-13.34) (35.26,-13.99) (35.26,-14.64) (35.96,-14.64) (36.66,-14.64) (36.66,-14.92) (36.66,-15.84) (36.02,-15.84) (35.66,-15.84) (35.41,-15.84) (35.16,-15.84) (34.72,-16.39) (34.29,-16.93) (33.81,-17.43) (33.33,-17.94) (32.81,-18.40) (32.29,-18.86) (31.98,-19.11) (31.66,-19.35) (31.47,-19.48) (31.18,-19.70) (30.58,-20.06) (29.99,-20.43) (29.37,-20.74) (28.75,-21.06) (28.11,-21.32) (27.46,-21.58) (26.80,-21.79) (26.13,-21.99) (25.45,-22.14) (24.77,-22.29) (24.08,-22.37) (23.39,-22.46) (22.70,-22.49) (22.00,-22.52) (21.30,-22.49) (20.61,-22.46) (19.92,-22.37) (19.23,-22.29) (18.55,-22.14) (17.87,-21.99) (17.20,-21.79) (16.54,-21.58) (15.89,-21.32) (15.25,-21.06) (14.63,-20.74) (14.01,-20.43) (13.42,-20.06) (12.82,-19.70) (12.27,-19.28) (11.71,-18.86) (11.19,-18.40) (10.67,-17.94) (10.19,-17.43) (9.71,-16.93) (9.28,-16.39) (8.84,-15.84) (5.62,-15.84) (5.62,-15.84) (5.60,-15.84) (5.60,-14.34) (5.60,-14.34) (6.70,-14.34) (6.70,-13.34) (6.70,-13.34) (6.70,-13.34) (10.18,-13.34)
  loop 16 pts  y 0.163..3.402  z -15.842..-13.342
   (0.16,-15.84) (0.16,-14.92) (0.16,-14.64) (0.86,-14.64) (1.56,-14.64) (1.56,-13.99) (1.56,-13.34) (2.30,-13.34) (2.30,-14.34) (2.30,-14.34) (3.40,-14.34) (3.40,-15.84) (3.40,-15.84) (3.39,-15.84) (3.39,-15.84) (0.16,-15.84)
  loop 2 pts  y 2.302..2.302  z -13.342..-13.342
   (2.30,-13.34) (2.30,-13.34)
  loop 2 pts  y 5.602..5.602  z -15.842..-15.842
   (5.60,-15.84) (5.60,-15.84)
  loop 2 pts  y 3.402..3.402  z -14.342..-14.342
   (3.40,-14.34) (3.40,-14.34)
  loop 2 pts  y 6.702..6.702  z -14.342..-14.342
   (6.70,-14.34) (6.70,-14.34)
