--- plane y=-24.600: x 13.22..34.96  z -4.80..4.80
           |         |         |         |         
   4.55 ............##############################.  [19.44,19.65] [19.65,19.66] [19.67,34.21]
   4.05 ....##.....################################  [14.98,16.07] [18.93,34.89]
   3.55 ..#########################################  [14.31,34.96]
   3.05 .##########################################  [13.86,34.96]
   2.55 .##########################################  [13.52,34.96]
   2.05 ##################.....####################  [13.33,22.22] [24.78,34.96]
   1.55 #################.......###################  [13.36,21.64] [25.36,34.96]
   1.05 .###############.........##################  [13.68,21.32] [25.68,34.96]
   0.55 .###############.........##################  [13.86,21.15] [25.85,34.96]
   0.05 .###############.........##################  [13.92,21.08] [25.92,34.96]
  -0.45 .###############.........##################  [13.88,21.12] [25.88,34.96]
  -0.95 .###############.........##################  [13.72,21.28] [25.72,34.96]
  -1.45 #################.......###################  [13.44,21.57] [25.43,34.96]
  -1.95 ##################.....####################  [13.30,22.06] [24.93,34.96]
  -2.45 .##########################################  [13.48,34.96]
  -2.95 .##########################################  [13.75,34.96]
  -3.45 ..#########################################  [14.21,34.96]
  -3.95 ...###.....################################  [14.92,16.21] [18.78,34.96]
  -4.45 ............##############################.  [19.36,34.43]
--- plane y=-23.500: x 12.98..36.57  z -5.05..5.05
            |         |         |         |         |  
   4.80 .............#################################.  [19.60,35.78]
   4.30 ....##......###################################  [14.86,15.78] [19.22,36.40]
   3.80 ..#####....####################################  [14.18,16.49] [18.51,36.57]
   3.30 .##############################################  [13.68,36.57]
   2.80 .##############################################  [13.30,36.57]
   2.30 ####################...########################  [13.05,22.76] [24.24,36.57]
   1.80 ##################......#######################  [13.11,21.89] [25.11,36.57]
   1.30 .################........######################  [13.54,21.46] [25.54,36.57]
   0.80 ..##############..........#####################  [13.78,21.22] [25.78,36.57]
   0.30 ..##############..........#####################  [13.90,21.10] [25.90,36.57]
  -0.20 ..##############..........#####################  [13.91,21.09] [25.91,36.57]
  -0.70 ..##############..........#####################  [13.82,21.18] [25.82,36.57]
  -1.20 .################........######################  [13.60,21.40] [25.60,36.57]
  -1.70 ##################......#######################  [13.22,21.78] [25.22,36.57]
  -2.20 ###################....########################  [13.00,22.49] [24.51,36.57]
  -2.70 ###############################################  [13.23,36.57]
  -3.20 .##############################################  [13.59,36.57]
  -3.70 ..######...####################################  [14.06,16.76] [18.24,36.57]
  -4.20 ...###......###################################  [14.69,15.89] [19.11,36.52]
  -4.70 .............#################################.  [19.54,36.04]
--- plane y=-22.500: x 12.54..37.33  z -5.50..5.50
            |         |         |         |         |     
   5.25 ...............#########################..........  [19.80,32.71]
   4.75 ....##........###################################.  [14.74,15.43] [19.57,36.87]
   4.25 ...####......####################################.  [14.02,15.83] [19.17,37.21]
   3.75 ..######....######################################  [13.48,16.60] [18.39,37.33]
   3.25 .#################################################  [13.07,37.33]
   2.75 ##################################################  [12.74,37.33]
   2.25 ####################....##########################  [12.74,22.62] [24.38,37.33]
   1.75 .##################......#########################  [13.17,21.83] [25.17,37.33]
   1.25 ..################........########################  [13.57,21.43] [25.57,37.33]
   0.75 ...##############..........#######################  [13.80,21.20] [25.80,37.33]
   0.25 ...##############..........#######################  [13.91,21.09] [25.91,37.33]
  -0.25 ...##############..........#######################  [13.91,21.09] [25.91,37.33]
  -0.75 ...##############..........#######################  [13.80,21.20] [25.80,37.33]
  -1.25 ..################........########################  [13.57,21.43] [25.57,37.33]
  -1.75 .##################......#########################  [13.17,21.83] [25.17,37.33]
  -2.25 ####################....##########################  [12.57,12.61] [12.73,22.61] [24.39,37.33]
  -2.75 ##################################################  [12.74,37.33]
  -3.25 .#################################################  [13.06,37.33]
  -3.75 ..######....######################################  [13.47,16.62] [18.38,37.33]
  -4.25 ...####......####################################.  [14.01,15.83] [19.17,37.24]
  -4.75 ....##........###################################.  [14.73,15.22] [15.23,15.43] [19.57,36.91]
  -5.25 ...............#########################..........  [19.80,32.75]
--- plane y=-21.200: x 8.15..37.85  z -9.35..9.35
           |         |         |         |         |         |     
   9.10 ..............#################################............  [15.39,31.79]
   8.60 ...........#####################################...........  [13.85,32.16]
   8.10 .........#######.....###########################...........  [12.83,16.30] [18.70,32.15]
   7.60 ........#######.......##########################...........  [12.06,15.69] [19.33,32.15]
   7.10 .......#######.........#########################...........  [11.42,15.32] [19.66,32.27]
   6.60 .....#########.........##########################..........  [10.88,15.16] [19.84,32.72]
   6.10 .....#########..........###########################........  [10.42,15.09] [19.92,33.43]
   5.60 ....##########.........##############################......  [10.02,15.11] [19.89,34.41]
   5.10 ...###########.........#################################...  [9.67,15.26] [19.74,36.07]
   4.60 ..#############........####################################  [9.36,15.53] [19.47,37.58]
   4.10 ..##############......#####################################  [9.10,16.01] [18.99,37.81]
   3.60 .#################.########################################  [8.88,17.21] [17.79,37.85]
   3.10 .##########################################################  [8.68,37.85]
   2.60 .##########################################################  [8.53,37.85]
   2.10 ####.....###################.....##########################  [8.40,10.30] [12.70,22.30] [24.70,37.85]
   1.60 ###.......#################.......#########################  [8.29,9.69] [13.31,21.69] [25.31,37.85]
   1.10 ##.........###############.........########################  [8.22,9.35] [13.65,21.35] [25.65,37.85]
   0.60 ##.........###############.........########################  [8.18,9.16] [13.84,21.16] [25.84,37.85]
   0.10 ##..........##############..........#######################  [8.16,9.08] [13.92,21.08] [25.92,37.85]
  -0.40 ##.........###############.........########################  [8.17,9.11] [13.89,21.11] [25.89,37.85]
  -0.90 ##.........###############.........########################  [8.20,9.26] [13.74,21.26] [25.74,37.85]
  -1.40 ###........################........########################  [8.26,9.53] [13.47,21.53] [25.47,37.85]
  -1.90 ####......##################......#########################  [8.35,10.01] [13.00,22.01] [24.99,37.85]
  -2.40 .#####.#######################.############################  [8.47,11.09] [11.79,23.21] [23.79,37.85]
  -2.90 .##########################################################  [8.62,37.85]
  -3.40 .##########################################################  [8.80,37.85]
  -3.90 ..##############.....######################################  [9.01,16.30] [18.70,37.85]
  -4.40 ..#############.......#####################################  [9.26,15.69] [19.31,37.77]
  -4.90 ...###########.........###################################.  [9.55,15.35] [19.65,37.27]
  -5.40 ...###########.........###############################.....  [9.87,15.16] [19.84,34.93]
  -5.90 ....##########..........###########################........  [10.25,15.08] [19.92,33.77]
  -6.40 .....#########.........###########################.........  [10.70,15.12] [19.89,32.96]
  -6.90 ......########.........##########################..........  [11.21,15.25] [19.74,32.41]
  -7.40 .......########........#########################...........  [11.80,15.53] [19.52,32.16]
  -7.90 .........#######......##########################...........  [12.52,16.01] [18.99,32.15]
  -8.40 ...........#######.#############################...........  [13.41,17.21] [17.79,32.16]
  -8.90 .............###################################...........  [14.67,32.10]
--- plane y=-20.000: x 8.00..38.00  z -9.50..9.50
           |         |         |         |         |         |      
   9.25 ...............#####################################........  [15.37,34.22]
   8.75 ............#########################################.......  [13.82,34.65]
   8.25 ..........#######....################################.......  [12.79,16.61] [18.39,34.66]
   7.75 ........########......###############################.......  [12.01,15.83] [19.17,34.66]
   7.25 .......########........##############################.......  [11.36,15.42] [19.57,34.68]
   6.75 ......########..........##############################......  [10.82,15.20] [19.80,34.85]
   6.25 .....#########..........##############################......  [10.35,15.07] [19.91,35.21]
   5.75 ....##########..........################################....  [9.95,15.09] [19.91,35.80]
   5.25 ...###########..........##################################..  [9.59,15.20] [19.80,36.80]
   4.75 ...############........#####################################  [9.27,15.43] [19.57,37.80]
   4.25 ..##############......######################################  [9.01,15.83] [19.17,37.99]
   3.75 ..###############....#######################################  [8.78,16.61] [18.39,38.00]
   3.25 .###########################################################  [8.57,38.00]
   2.75 .###########################################################  [8.42,38.00]
   2.25 .####....####################....###########################  [8.28,10.61] [12.39,22.61] [24.39,38.00]
   1.75 ####......##################......##########################  [8.17,9.82] [13.17,21.83] [25.17,38.00]
   1.25 ###........################........#########################  [8.09,9.43] [13.57,21.43] [25.57,38.00]
   0.75 ##..........##############..........########################  [8.03,9.20] [13.80,21.20] [25.80,38.00]
   0.25 ##..........##############..........########################  [8.01,9.09] [13.91,21.09] [25.91,38.00]
  -0.25 ##..........##############..........########################  [8.01,9.09] [13.91,21.09] [25.91,38.00]
  -0.75 ##..........##############..........########################  [8.03,9.20] [13.80,21.20] [25.80,38.00]
  -1.25 ###........################........#########################  [8.09,9.43] [13.57,21.43] [25.57,38.00]
  -1.75 ####......##################......##########################  [8.17,9.83] [13.17,21.83] [25.17,38.00]
  -2.25 .####....####################....###########################  [8.28,10.61] [12.39,22.61] [24.39,38.00]
  -2.75 .###########################################################  [8.42,38.00]
  -3.25 .###########################################################  [8.57,38.00]
  -3.75 ..###############....#######################################  [8.78,16.61] [18.39,38.00]
  -4.25 ..##############......######################################  [9.01,15.83] [19.17,37.95]
  -4.75 ...############........#####################################  [9.27,15.43] [19.57,37.80]
  -5.25 ...###########..........##################################..  [9.59,15.20] [19.80,36.80]
  -5.75 ....##########..........################################....  [9.95,15.09] [19.91,35.80]
  -6.25 .....#########..........##############################......  [10.35,15.10] [19.91,35.21]
  -6.75 ......########..........##############################......  [10.82,15.20] [19.80,34.85]
  -7.25 .......########........##############################.......  [11.36,15.42] [19.59,34.68]
  -7.75 ........########......###############################.......  [12.01,15.83] [19.17,34.66]
  -8.25 ..........#######....################################.......  [12.79,16.61] [18.39,34.66]
  -8.75 ............#########################################.......  [13.82,34.65]
  -9.25 ...............#####################################........  [15.37,34.22]
--- plane y=-19.000: x 8.00..38.00  z -9.50..9.50
           |         |         |         |         |         |      
   9.25 ...............########....................############.....  [15.37,19.66] [29.72,35.47]
   8.75 ............############################################....  [13.82,35.80]
   8.25 ..........##############################################....  [12.79,35.80]
   7.75 ........################################################....  [12.01,35.81]
   7.25 .......#################################################....  [11.36,35.82]
   6.75 ......###########....###################################....  [10.82,16.56] [18.44,35.97]
   6.25 .....############....####################################...  [10.35,16.33] [18.67,36.26]
   5.75 ....#############....#####################################..  [9.95,16.33] [18.67,36.75]
   5.25 ...##############....######################################.  [9.59,16.56] [18.44,37.57]
   4.75 ...#########################################################  [9.27,37.94]
   4.25 ..##########################################################  [9.01,38.00]
   3.75 ..##########################################################  [8.78,38.00]
   3.25 .###########################################################  [8.57,38.00]
   2.75 .###########################################################  [8.42,38.00]
   2.25 .###########################################################  [8.28,38.00]
   1.75 ############################################################  [8.17,38.00]
   1.25 ############################################################  [8.09,38.00]
   0.75 #####....####################....###########################  [8.03,10.56] [12.44,22.56] [24.44,38.00]
   0.25 #####....####################....###########################  [8.01,10.33] [12.67,22.33] [24.67,38.00]
  -0.25 #####....####################....###########################  [8.01,10.33] [12.67,22.33] [24.67,38.00]
  -0.75 #####....####################....###########################  [8.03,10.56] [12.44,22.56] [24.44,38.00]
  -1.25 ############################################################  [8.09,38.00]
  -1.75 ############################################################  [8.17,38.00]
  -2.25 .###########################################################  [8.28,38.00]
  -2.75 .###########################################################  [8.42,38.00]
  -3.25 .###########################################################  [8.57,38.00]
  -3.75 ..##########################################################  [8.78,38.00]
  -4.25 ..##########################################################  [9.01,38.00]
  -4.75 ...#########################################################  [9.27,37.94]
  -5.25 ...##############....######################################.  [9.59,16.56] [18.44,37.58]
  -5.75 ....#############....#####################################..  [9.95,16.33] [18.67,36.75]
  -6.25 .....############....####################################...  [10.35,16.33] [18.67,36.26]
  -6.75 ......###########....###################################....  [10.82,16.56] [18.44,35.97]
  -7.25 .......#################################################....  [11.36,35.82]
  -7.75 ........################################################....  [12.01,35.81]
  -8.25 ..........##############################################....  [12.79,35.80]
  -8.75 ............############################################....  [13.82,35.80]
  -9.25 ...............########.....................###########.....  [15.37,19.65] [29.76,35.51]
--- plane y=-18.000: x 9.50..38.00  z -9.50..9.50
         |         |         |         |         |         |     
   9.25 ............................................##########...  [31.75,36.32]
   8.75 ............................................##########...  [31.31,36.61]
   8.25 ............................................##########...  [31.31,36.61]
   7.75 ............########........................##########...  [15.52,19.48] [31.31,36.61]
   7.25 .........##############.....................##########...  [14.11,20.89] [31.31,36.62]
   6.75 .......#######....#######...................###########..  [13.22,16.56] [18.44,21.78] [31.31,36.75]
   6.25 ......########....########..................###########..  [12.51,16.33] [18.67,22.49] [31.31,37.02]
   5.75 .....#########....#########.................############.  [11.94,16.33] [18.67,23.06] [31.31,37.46]
   5.25 ....##########....##########................#############  [11.47,16.57] [18.43,23.53] [31.31,37.90]
   4.75 ...##########################...............#############  [11.07,23.93] [31.31,38.00]
   4.25 ..############################..............#############  [10.73,24.27] [31.31,38.00]
   3.75 ..############################..............#############  [10.44,24.56] [31.31,38.00]
   3.25 .##############################.............#############  [10.19,24.81] [31.31,38.00]
   2.75 .#############....#############.............#############  [9.99,16.30] [18.70,25.01] [31.31,38.00]
   2.25 .###########........###########.............#############  [9.83,15.52] [19.48,25.17] [31.31,38.00]
   1.75 ###########..........###########............#############  [9.70,15.06] [19.94,25.30] [31.31,38.00]
   1.25 ###########..........###########............#############  [9.60,14.77] [20.23,25.40] [31.31,38.00]
   0.75 ##....####............####....##............#############  [9.54,10.56] [12.44,14.60] [20.40,22.56] [24.44,25.46] [31.31,38.00]
   0.25 ##....####............####....##............#############  [9.51,10.33] [12.67,14.51] [20.49,22.33] [24.67,25.49] [31.31,38.00]
  -0.25 ##....####............####....##............#############  [9.51,10.33] [12.67,14.51] [20.49,22.33] [24.67,25.49] [31.31,38.00]
  -0.75 ##....####............####....##............#############  [9.54,10.57] [12.43,14.60] [20.40,22.57] [24.43,25.46] [31.31,38.00]
  -1.25 ###########..........###########............#############  [9.60,14.77] [20.23,25.40] [31.31,38.00]
  -1.75 ###########..........###########............#############  [9.70,15.07] [19.93,25.30] [31.31,38.00]
  -2.25 .###########........###########.............#############  [9.83,15.52] [19.48,25.17] [31.31,38.00]
  -2.75 .#############....#############.............#############  [9.99,16.31] [18.69,25.01] [31.31,38.00]
  -3.25 .##############################.............#############  [10.20,24.80] [31.31,38.00]
  -3.75 ..############################..............#############  [10.44,24.56] [31.31,38.00]
  -4.25 ..############################..............#############  [10.73,24.27] [31.31,38.00]
  -4.75 ...##########################...............#############  [11.07,23.93] [31.31,38.00]
  -5.25 ....##########....##########................#############  [11.47,16.56] [18.44,23.53] [31.31,37.89]
  -5.75 .....#########....#########.................############.  [11.95,16.33] [18.67,23.05] [31.31,37.46]
  -6.25 ......########....########..................###########..  [12.52,16.33] [18.67,22.48] [31.31,37.01]
  -6.75 .......#######....#######...................###########..  [13.22,16.57] [18.43,21.78] [31.31,36.75]
  -7.25 .........##############.....................##########...  [14.12,20.88] [31.31,36.62]
  -7.75 ............########........................##########...  [15.54,19.46] [31.31,36.61]
  -8.25 ............................................##########...  [31.31,36.61]
  -8.75 ............................................##########...  [31.31,36.60]
  -9.25 .............................................#########...  [31.76,36.34]
--- plane y=-17.000: x 9.50..38.00  z -9.50..9.50
         |         |         |         |         |         |     
   9.25 ...............................................########..  [32.81,36.92]
   8.75 ..............................................#########..  [32.46,37.18]
   8.25 ..............................................#########..  [32.46,37.19]
   7.75 ............########..........................#########..  [15.52,19.48] [32.46,37.19]
   7.25 .........##############.......................#########..  [14.11,20.89] [32.46,37.20]
   6.75 .......#######....#######.....................##########.  [13.22,16.56] [18.44,21.78] [32.46,37.32]
   6.25 ......########....########....................##########.  [12.51,16.33] [18.67,22.49] [32.46,37.56]
   5.75 .....#########....#########...................###########  [11.94,16.33] [18.67,23.06] [32.46,37.90]
   5.25 ....##########....##########..................###########  [11.47,16.57] [18.43,23.53] [32.46,38.00]
   4.75 ...##########################.................###########  [11.07,23.93] [32.46,38.00]
   4.25 ..############################................###########  [10.73,24.27] [32.46,38.00]
   3.75 ..############################................###########  [10.44,24.56] [32.46,38.00]
   3.25 .##############################...............###########  [10.19,24.81] [32.46,38.00]
   2.75 .#############....#############...............###########  [9.99,16.30] [18.70,25.01] [32.46,38.00]
   2.25 .###########........###########...............###########  [9.83,15.52] [19.48,25.17] [32.46,38.00]
   1.75 ###########..........###########..............###########  [9.70,15.06] [19.94,25.30] [32.46,38.00]
   1.25 ###########..........###########..............###########  [9.60,14.77] [20.23,25.40] [32.46,38.00]
   0.75 ##....####............####....##..............###########  [9.54,10.56] [12.44,14.60] [20.40,22.56] [24.44,25.46] [32.46,38.00]
   0.25 ##....####............####....##..............###########  [9.51,10.33] [12.67,14.51] [20.49,22.33] [24.67,25.49] [32.46,38.00]
  -0.25 ##....####............####....##..............###########  [9.51,10.33] [12.67,14.51] [20.49,22.33] [24.67,25.49] [32.46,38.00]
  -0.75 ##....####............####....##..............###########  [9.54,10.57] [12.43,14.60] [20.40,22.57] [24.43,25.46] [32.46,38.00]
  -1.25 ###########..........###########..............###########  [9.60,14.77] [20.23,25.40] [32.46,38.00]
  -1.75 ###########..........###########..............###########  [9.70,15.07] [19.93,25.30] [32.46,38.00]
  -2.25 .###########........###########...............###########  [9.83,15.52] [19.48,25.17] [32.46,38.00]
  -2.75 .#############....#############...............###########  [9.99,16.31] [18.69,25.01] [32.46,38.00]
  -3.25 .##############################...............###########  [10.20,24.80] [32.46,38.00]
  -3.75 ..############################................###########  [10.44,24.56] [32.46,38.00]
  -4.25 ..############################................###########  [10.73,24.27] [32.46,38.00]
  -4.75 ...##########################.................###########  [11.07,23.93] [32.46,38.00]
  -5.25 ....##########....##########..................###########  [11.47,16.56] [18.44,23.53] [32.46,38.00]
  -5.75 .....#########....#########...................###########  [11.95,16.33] [18.67,23.05] [32.46,37.90]
  -6.25 ......########....########....................##########.  [12.52,16.33] [18.67,22.48] [32.46,37.56]
  -6.75 .......#######....#######.....................##########.  [13.22,16.57] [18.43,21.78] [32.46,37.32]
  -7.25 .........##############.......................#########..  [14.12,20.88] [32.46,37.20]
  -7.75 ............########..........................#########..  [15.54,19.46] [32.46,37.19]
  -8.25 ..............................................#########..  [32.46,37.19]
  -8.75 ..............................................#########..  [32.47,37.18]
  -9.25 ...............................................########..  [32.81,36.97]
