bearing outer x = 32.1622 + 0.11348*z  (n=31, resid max 0.0000)  -> x at z=-15.842: 30.364, at z=2.977: 32.500, angle 6.47 deg
horn outer x = 67.8723 + -0.12507*z  (n=20, resid max 0.0000)  -> x at z=-15.842: 69.854, at z=2.977: 67.500, angle -7.13 deg
bearing outer y30 x = 32.1622 + 0.11348*z  (n=36, resid max 0.0000)  -> x at z=-15.842: 30.364, at z=2.977: 32.500, angle 6.47 deg
horn outer y30 x = 67.8723 + -0.12507*z  (n=68, resid max 0.0000)  -> x at z=-15.842: 69.854, at z=2.977: 67.500, angle -7.13 deg
#### wall outline at x=34 (outer loop) and x=65.5
x=34.0 loop 184 pts
(0.16,-14.00) (0.16,-13.34) (1.00,-13.31) (1.32,-13.29) (2.15,-13.19) (2.47,-13.14) (3.28,-12.97) (3.60,-12.90) (4.39,-12.65) (4.70,-12.56) (5.47,-12.24) (5.78,-12.12) (6.51,-11.75) (6.81,-11.59) (7.50,-11.16) (7.79,-10.98) (8.44,-10.49) (8.72,-10.29) (9.32,-9.75) (9.58,-9.52) (10.13,-8.93) (10.37,-8.67) (10.87,-8.05) (11.09,-7.77) (11.52,-7.11) (11.73,-6.80) (12.10,-6.12) (12.28,-5.78) (12.59,-5.09) (12.75,-4.72) (12.99,-4.02) (13.12,-3.63) (13.28,-3.16) (13.37,-2.89) (13.57,-2.44) (13.68,-2.17) (13.91,-1.75) (14.06,-1.49) (14.31,-1.09) (14.48,-0.83) (14.77,-0.46) (14.96,-0.22) (15.28,0.12) (15.50,0.35) (15.83,0.66) (16.07,0.88) (16.43,1.15) (16.69,1.35) (17.07,1.59) (17.35,1.78) (17.74,1.98) (18.04,2.14) (18.44,2.31) (18.76,2.44) (19.17,2.57) (19.51,2.68) (19.92,2.78) (20.27,2.86) (20.68,2.92) (21.04,2.98) (21.93,2.98) (22.96,2.98) (23.38,2.91) (23.75,2.86) (24.17,2.76) (24.53,2.67) (24.94,2.54) (25.29,2.42) (25.69,2.25) (26.02,2.11) (26.41,1.90) (26.73,1.73) (27.10,1.48) (27.40,1.29) (27.75,1.01) (28.03,0.80) (28.36,0.48) (28.61,0.25) (28.92,-0.10) (29.14,-0.35) (29.43,-0.72) (29.62,-0.99) (29.88,-1.39) (30.05,-1.66) (34.08,-8.78) (36.66,-13.34) (36.66,-14.00) (36.66,-15.52) (36.66,-15.67) (36.66,-15.84) (36.54,-15.84) (36.25,-15.84) (35.69,-15.84) (35.62,-15.84) (35.16,-15.84) (34.37,-16.83) (34.29,-16.93) (33.42,-17.85) (33.33,-17.94) (32.39,-18.78) (32.29,-18.86) (32.19,-18.94) (31.62,-19.38) (31.26,-19.64) (31.18,-19.70) (31.14,-19.72) (29.99,-20.43) (29.96,-20.45) (28.75,-21.06) (28.71,-21.07) (27.46,-21.58) (27.42,-21.59) (26.13,-21.99) (26.09,-22.00) (24.77,-22.29) (24.73,-22.29) (23.39,-22.46) (23.35,-22.47) (22.00,-22.52) (21.96,-22.52) (20.61,-22.46) (20.57,-22.46) (19.23,-22.29) (19.19,-22.28) (17.87,-21.99) (17.83,-21.98) (16.54,-21.58) (16.50,-21.57) (15.25,-21.06) (15.21,-21.04) (14.01,-20.43) (13.97,-20.41) (12.82,-19.70) (12.79,-19.67) (11.71,-18.86) (11.68,-18.84) (10.67,-17.94) (10.64,-17.91) (9.71,-16.93) (9.68,-16.90) (8.84,-15.84) (8.65,-15.84) (8.65,-15.84) (8.65,-15.84) (8.65,-15.84) (8.65,-15.84) (8.64,-15.84) (8.64,-15.84) (8.64,-15.84) (8.63,-15.84) (8.63,-15.84) (8.63,-15.84) (8.62,-15.84) (8.62,-15.84) (8.61,-15.84) (8.60,-15.84) (8.60,-15.84) (8.59,-15.84) (8.59,-15.84) (8.58,-15.84) (8.57,-15.84) (1.03,-15.84) (1.01,-15.84) (1.00,-15.84) (0.98,-15.84) (0.96,-15.84) (0.94,-15.84) (0.92,-15.84) (0.90,-15.84) (0.88,-15.84) (0.87,-15.84) (0.85,-15.84) (0.83,-15.84) (0.82,-15.84) (0.81,-15.84) (0.80,-15.84) (0.79,-15.84) (0.78,-15.84) (0.77,-15.84) (0.16,-15.84) (0.16,-15.67) (0.16,-15.52) (0.16,-15.18) (0.16,-14.00)
x=65.5 loop 184 pts
(23.19,2.94) (22.96,2.98) (21.59,2.98) (21.04,2.98) (20.49,2.90) (20.27,2.86) (20.22,2.85) (20.00,2.80) (19.51,2.68) (18.97,2.51) (18.76,2.44) (18.25,2.22) (18.04,2.14) (17.54,1.88) (17.35,1.78) (16.87,1.47) (16.69,1.35) (16.24,1.01) (16.07,0.88) (15.65,0.49) (15.50,0.35) (15.10,-0.07) (14.96,-0.22) (14.60,-0.68) (14.48,-0.83) (14.16,-1.33) (14.06,-1.49) (13.77,-2.01) (13.68,-2.17) (13.44,-2.72) (13.37,-2.89) (13.18,-3.46) (13.12,-3.63) (12.83,-4.48) (12.75,-4.72) (12.38,-5.56) (12.28,-5.78) (11.84,-6.59) (11.73,-6.80) (11.22,-7.57) (11.09,-7.77) (10.51,-8.50) (10.37,-8.67) (9.73,-9.36) (9.58,-9.52) (8.87,-10.15) (8.72,-10.29) (7.96,-10.86) (7.79,-10.98) (6.98,-11.49) (6.81,-11.59) (5.96,-12.03) (5.78,-12.12) (4.89,-12.48) (4.70,-12.56) (3.79,-12.84) (3.60,-12.90) (2.66,-13.10) (2.47,-13.14) (1.51,-13.27) (1.32,-13.29) (0.35,-13.33) (0.16,-13.34) (0.16,-13.73) (0.16,-15.46) (0.16,-15.84) (0.87,-15.84) (0.87,-15.84) (0.87,-15.84) (0.88,-15.84) (0.88,-15.84) (0.89,-15.84) (0.90,-15.84) (0.91,-15.84) (0.93,-15.84) (0.94,-15.84) (0.96,-15.84) (0.98,-15.84) (0.99,-15.84) (1.01,-15.84) (1.04,-15.84) (1.06,-15.84) (1.08,-15.84) (1.10,-15.84) (1.13,-15.84) (1.15,-15.84) (1.17,-15.84) (8.43,-15.84) (8.44,-15.84) (8.45,-15.84) (8.46,-15.84) (8.47,-15.84) (8.48,-15.84) (8.49,-15.84) (8.50,-15.84) (8.50,-15.84) (8.51,-15.84) (8.52,-15.84) (8.53,-15.84) (8.53,-15.84) (8.54,-15.84) (8.54,-15.84) (8.55,-15.84) (8.55,-15.84) (8.84,-15.84) (8.88,-15.89) (9.71,-16.93) (9.75,-16.97) (10.67,-17.94) (10.71,-17.98) (11.71,-18.86) (11.76,-18.90) (12.82,-19.70) (12.88,-19.73) (14.01,-20.43) (14.06,-20.46) (15.25,-21.06) (15.31,-21.08) (16.54,-21.58) (16.60,-21.60) (17.87,-21.99) (17.93,-22.00) (19.23,-22.29) (19.29,-22.29) (20.61,-22.46) (20.67,-22.47) (22.00,-22.52) (22.06,-22.52) (23.39,-22.46) (23.45,-22.46) (24.77,-22.29) (24.83,-22.27) (26.13,-21.99) (26.19,-21.97) (27.46,-21.58) (27.52,-21.56) (28.75,-21.06) (28.81,-21.03) (29.99,-20.43) (30.05,-20.40) (31.18,-19.70) (31.20,-19.68) (31.30,-19.61) (31.66,-19.35) (31.66,-21.18) (31.66,-21.34) (31.83,-21.34) (32.06,-21.34) (35.00,-21.34) (35.26,-21.34) (35.66,-21.34) (35.66,-20.90) (35.66,-15.84) (36.18,-15.84) (36.66,-15.84) (36.66,-15.46) (36.66,-15.06) (36.66,-13.73) (36.66,-13.34) (34.15,-8.90) (33.14,-7.11) (30.32,-2.15) (30.05,-1.66) (29.72,-1.15) (29.62,-0.99) (29.26,-0.50) (29.14,-0.35) (28.74,0.10) (28.61,0.25) (28.17,0.66) (28.03,0.80) (27.56,1.16) (27.40,1.29) (26.91,1.61) (26.73,1.73) (26.21,2.00) (26.02,2.11) (25.49,2.34) (25.29,2.42) (24.74,2.60) (24.53,2.67) (23.97,2.81) (23.75,2.86) (23.19,2.94)
#### z=-14.0 and z=-13.6 outer loops (lip extent)
z=-14.0 loop 85 pts x 35.08..64.70 y 10.61..33.39
(35.30,10.61) (42.76,10.61) (64.70,10.61) (64.70,10.74) (64.70,11.10) (64.70,12.72) (64.70,14.01) (64.70,20.20) (64.70,20.56) (64.70,20.57) (64.70,20.59) (64.70,20.61) (64.70,20.64) (64.70,20.67) (64.70,20.71) (64.70,20.75) (64.70,20.81) (64.70,20.86) (64.70,20.93) (64.70,20.99) (64.70,21.06) (64.70,21.14) (64.70,21.21) (64.70,21.29) (64.70,21.37) (64.70,21.44) (64.70,21.52) (64.70,21.58) (64.70,21.65) (64.70,21.70) (64.70,24.97) (64.70,25.11) (64.70,25.27) (64.70,25.44) (64.70,25.62) (64.70,25.80) (64.70,25.98) (64.70,26.17) (64.70,26.35) (64.70,26.53) (64.70,26.70) (64.70,26.86) (64.70,28.48) (64.70,28.64) (64.70,31.92) (64.70,31.99) (64.70,33.39) (57.24,33.39) (35.30,33.39) (35.30,33.00) (35.30,32.94) (35.30,31.59) (35.30,31.32) (35.30,30.35) (35.30,29.92) (35.30,29.39) (35.30,28.71) (35.30,27.86) (35.30,26.83) (35.30,25.62) (35.30,24.28) (35.30,23.85) (35.22,23.48) (35.20,23.37) (35.14,22.90) (35.11,22.68) (35.09,22.28) (35.08,22.00) (35.10,21.59) (35.11,21.32) (35.18,20.79) (35.20,20.63) (35.30,20.15) (35.30,19.72) (35.30,18.38) (35.30,17.17) (35.30,16.14) (35.30,15.29) (35.30,14.61) (35.30,14.08) (35.30,13.05) (35.30,12.68) (35.30,11.16) (35.30,11.06) (35.30,10.61)
z=-14.0 loop 201 pts x 30.57..69.62 y 0.16..36.66
(30.57,7.67) (30.57,8.13) (30.57,8.61) (30.57,9.12) (30.57,9.66) (30.57,10.21) (30.57,10.78) (30.57,11.36) (30.57,11.94) (30.57,12.51) (30.57,13.07) (30.57,13.60) (30.57,14.10) (30.57,14.55) (30.57,14.94) (30.57,15.27) (30.57,26.16) (30.57,26.35) (30.57,26.59) (30.57,26.88) (30.57,27.21) (30.57,27.57) (30.57,27.97) (30.57,28.38) (30.57,28.80) (30.57,29.23) (30.57,29.66) (30.57,30.08) (30.57,30.49) (30.57,30.88) (30.57,31.26) (30.57,31.61) (30.57,31.95) (30.57,32.27) (30.57,32.56) (30.57,32.83) (30.57,33.32) (30.57,33.73) (30.57,34.07) (30.57,36.66) (34.00,36.66) (39.70,36.66) (44.00,36.66) (44.00,35.95) (44.00,35.26) (50.07,35.26) (56.00,35.26) (56.00,35.95) (56.00,36.66) (59.65,36.66) (66.06,36.66) (69.62,36.66) (69.62,35.10) (69.62,35.04) (69.62,35.01) (69.62,34.98) (69.62,34.95) (69.62,34.92) (69.62,34.89) (69.62,34.86) (69.62,34.83) (69.62,34.80) (69.62,34.76) (69.62,34.73) (69.62,34.70) (69.62,34.67) (69.62,34.64) (69.62,34.62) (69.62,34.59) (69.62,34.56) (69.62,25.82) (69.62,24.96) (69.62,24.51) (69.62,24.04) (69.62,23.56) (69.62,23.30) (67.88,23.30) (66.50,23.29) (66.50,23.25) (66.50,23.24) (66.50,23.04) (66.50,23.03) (66.50,22.85) (66.50,22.83) (66.50,22.67) (66.50,22.65) (66.50,22.51) (66.50,22.48) (66.50,22.35) (66.50,22.31) (66.50,22.19) (66.50,22.16) (66.50,22.04) (66.50,22.00) (66.50,21.88) (66.50,21.84) (66.50,21.72) (66.50,21.69) (66.50,21.56) (66.50,21.52) (66.50,21.38) (66.50,21.35) (66.50,21.20) (66.50,21.17) (66.50,20.99) (66.50,20.97) (66.50,20.76) (66.50,20.76) (66.50,20.71) (67.88,20.70) (69.62,20.70) (69.62,20.64) (69.62,20.54) (69.62,20.45) (69.62,20.36) (69.62,20.21) (69.62,20.08) (69.62,19.98) (69.62,19.89) (69.62,19.83) (69.62,19.79) (69.62,19.75) (69.62,19.74) (69.62,19.73) (69.62,19.65) (69.62,19.27) (69.62,19.24) (69.62,19.21) (69.62,19.17) (69.62,19.15) (69.62,19.13) (69.62,19.11) (69.62,19.09) (69.62,19.06) (69.62,19.04) (69.62,19.02) (69.62,18.99) (69.62,18.97) (69.62,18.94) (69.62,18.92) (69.62,18.89) (69.62,18.87) (69.62,18.84) (69.62,18.82) (69.62,18.79) (69.62,18.77) (69.62,18.74) (69.62,18.72) (69.62,18.70) (69.62,18.67) (69.62,18.65) (69.62,18.63) (69.62,18.61) (69.62,3.92) (69.62,3.88) (69.62,3.84) (69.62,3.80) (69.62,3.76) (69.62,3.72) (69.62,3.68) (69.62,3.64) (69.62,3.60) (69.62,3.55) (69.62,3.51) (69.62,3.47) (69.62,3.43) (69.62,3.34) (69.62,3.26) (69.62,3.18) (69.62,3.10) (69.62,3.05) (69.62,3.04) (69.62,2.94) (69.62,2.71) (69.62,2.31) (69.62,1.74) (69.62,1.00) (69.62,0.16) (66.06,0.16) (60.30,0.16) (56.00,0.16) (56.00,0.85) (56.00,1.56) (49.93,1.56) (44.00,1.56) (44.00,0.85) (44.00,0.16) (40.41,0.16) (34.00,0.16) (30.57,0.16) (30.57,1.00) (30.57,1.74) (30.57,2.31) (30.57,2.71) (30.57,4.45) (30.57,4.91) (30.57,5.46) (30.57,6.09) (30.57,6.82) (30.57,7.23) (30.57,7.67)
z=-14.0 loop 145 pts x 47.80..52.20 y 2.30..6.70
(50.00,6.70) (49.87,6.70) (49.81,6.69) (49.68,6.68) (49.62,6.67) (49.49,6.64) (49.43,6.63) (49.31,6.59) (49.25,6.57) (49.13,6.52) (49.07,6.50) (48.96,6.44) (48.90,6.41) (48.79,6.34) (48.74,6.30) (48.64,6.23) (48.59,6.19) (48.49,6.10) (48.44,6.06) (48.36,5.96) (48.31,5.92) (48.24,5.82) (48.20,5.76) (48.13,5.66) (48.09,5.60) (48.04,5.49) (48.01,5.43) (47.96,5.32) (47.93,5.25) (47.89,5.13) (47.87,5.07) (47.85,4.95) (47.83,4.88) (47.82,4.76) (47.81,4.69) (47.80,4.57) (47.80,4.50) (47.81,4.38) (47.81,4.31) (47.82,4.19) (47.83,4.12) (47.86,4.00) (47.87,3.93) (47.91,3.81) (47.93,3.75) (47.98,3.63) (48.01,3.57) (48.06,3.46) (48.09,3.40) (48.16,3.30) (48.20,3.24) (48.27,3.14) (48.31,3.09) (48.40,2.99) (48.44,2.95) (48.54,2.86) (48.59,2.82) (48.69,2.74) (48.74,2.70) (48.84,2.63) (48.90,2.60) (49.01,2.54) (49.07,2.51) (49.19,2.46) (49.25,2.43) (49.37,2.40) (49.43,2.38) (49.55,2.35) (49.62,2.34) (49.74,2.32) (49.81,2.31) (49.93,2.30) (50.00,2.30) (50.13,2.31) (50.19,2.31) (50.32,2.33) (50.38,2.34) (50.51,2.36) (50.57,2.38) (50.69,2.41) (50.75,2.43) (50.87,2.48) (50.93,2.51) (51.04,2.57) (51.10,2.60) (51.21,2.66) (51.26,2.70) (51.36,2.78) (51.41,2.82) (51.51,2.90) (51.56,2.95) (51.64,3.04) (51.69,3.09) (51.76,3.19) (51.80,3.24) (51.87,3.35) (51.91,3.40) (51.96,3.51) (51.99,3.57) (52.04,3.69) (52.07,3.75) (52.11,3.87) (52.13,3.93) (52.15,4.06) (52.17,4.12) (52.18,4.25) (52.19,4.31) (52.20,4.44) (52.20,4.50) (52.19,4.63) (52.19,4.69) (52.18,4.82) (52.17,4.88) (52.14,5.01) (52.13,5.07) (52.09,5.19) (52.07,5.25) (52.02,5.37) (51.99,5.43) (51.94,5.54) (51.91,5.60) (51.84,5.71) (51.80,5.76) (51.73,5.86) (51.69,5.92) (51.60,6.01) (51.56,6.06) (51.46,6.14) (51.41,6.19) (51.31,6.26) (51.26,6.30) (51.16,6.37) (51.10,6.41) (50.99,6.47) (50.93,6.50) (50.81,6.54) (50.75,6.57) (50.63,6.61) (50.57,6.63) (50.45,6.65) (50.38,6.67) (50.26,6.69) (50.19,6.69) (50.07,6.70) (50.00,6.70)
z=-13.6 loop 95 pts x 32.50..64.70 y 10.35..33.65
(35.30,10.35) (56.09,10.35) (64.70,10.35) (64.70,10.71) (64.70,11.71) (64.70,13.22) (64.70,14.43) (64.70,20.20) (64.70,20.63) (64.70,20.65) (64.70,20.67) (64.70,20.70) (64.70,20.73) (64.70,20.77) (64.70,20.82) (64.70,20.87) (64.70,20.94) (64.70,21.01) (64.70,21.08) (64.70,21.16) (64.70,21.25) (64.70,21.34) (64.70,21.43) (64.70,21.53) (64.70,21.62) (64.70,21.71) (64.70,21.80) (64.70,21.88) (64.70,21.96) (64.70,22.03) (64.70,23.47) (64.70,23.64) (64.70,23.83) (64.70,24.04) (64.70,24.25) (64.70,24.48) (64.70,24.70) (64.70,24.93) (64.70,25.15) (64.70,25.36) (64.70,25.57) (64.70,25.77) (64.70,26.93) (64.70,27.15) (64.70,29.54) (64.70,29.74) (64.70,33.65) (43.91,33.65) (35.30,33.65) (35.30,32.57) (35.30,32.39) (35.30,31.21) (35.30,30.83) (35.30,30.01) (35.30,29.50) (35.30,28.84) (35.30,28.01) (35.30,26.98) (35.30,25.73) (35.30,25.08) (35.20,24.82) (35.15,24.69) (35.04,24.33) (34.94,23.98) (34.90,23.83) (34.80,23.34) (34.65,23.34) (32.50,23.34) (32.50,23.31) (32.50,23.30) (32.50,22.75) (32.50,22.65) (32.50,22.14) (32.50,22.00) (32.50,21.48) (32.50,21.35) (32.50,20.71) (32.50,20.70) (32.50,20.66) (32.65,20.66) (34.80,20.66) (34.94,20.02) (35.04,19.67) (35.15,19.31) (35.30,18.92) (35.30,18.27) (35.30,17.02) (35.30,15.99) (35.30,15.16) (35.30,14.50) (35.30,13.67) (35.30,13.17) (35.30,11.87) (35.30,11.61) (35.30,10.35)
z=-13.6 loop 205 pts x 30.62..69.57 y 0.16..36.66
(30.62,9.29) (30.62,9.86) (30.62,10.45) (30.62,11.07) (30.62,11.72) (30.62,12.40) (30.62,13.09) (30.62,13.79) (30.62,14.50) (30.62,15.19) (30.62,15.87) (30.62,16.52) (30.62,17.13) (30.62,17.67) (30.62,18.15) (30.62,18.55) (30.62,23.88) (30.62,24.11) (30.62,24.40) (30.62,24.75) (30.62,25.16) (30.62,25.60) (30.62,26.08) (30.62,26.58) (30.62,27.10) (30.62,27.62) (30.62,28.14) (30.62,28.65) (30.62,29.15) (30.62,29.63) (30.62,30.08) (30.62,30.52) (30.62,30.93) (30.62,31.31) (30.62,31.67) (30.62,32.00) (30.62,32.59) (30.62,33.09) (30.62,33.51) (30.62,36.66) (34.79,36.66) (37.03,36.66) (44.00,36.66) (44.00,36.39) (44.00,35.26) (46.38,35.26) (56.00,35.26) (56.00,36.39) (56.00,36.66) (57.43,36.66) (65.23,36.66) (69.57,36.66) (69.57,34.76) (69.57,34.69) (69.57,34.65) (69.57,34.61) (69.57,34.58) (69.57,34.54) (69.57,34.50) (69.57,34.47) (69.57,34.43) (69.57,34.39) (69.57,34.35) (69.57,34.31) (69.57,34.28) (69.57,34.24) (69.57,34.21) (69.57,34.17) (69.57,34.14) (69.57,34.11) (69.57,23.72) (69.57,23.72) (69.57,23.71) (67.24,23.71) (66.50,23.71) (66.50,23.65) (66.50,23.64) (66.50,23.41) (66.50,23.38) (66.50,23.20) (66.50,23.16) (66.50,23.02) (66.50,22.96) (66.50,22.85) (66.50,22.80) (66.50,22.70) (66.50,22.64) (66.50,22.57) (66.50,22.50) (66.50,22.44) (66.50,22.37) (66.50,22.31) (66.50,22.24) (66.50,22.19) (66.50,22.12) (66.50,22.07) (66.50,22.00) (66.50,21.95) (66.50,21.88) (66.50,21.83) (66.50,21.76) (66.50,21.70) (66.50,21.63) (66.50,21.57) (66.50,21.50) (66.50,21.43) (66.50,21.36) (66.50,21.27) (66.50,21.20) (66.50,21.09) (66.50,21.04) (66.50,20.89) (66.50,20.84) (66.50,20.66) (66.50,20.62) (66.50,20.37) (66.50,20.36) (66.50,20.29) (68.83,20.29) (69.57,20.29) (69.57,20.17) (69.57,20.05) (69.57,19.95) (69.57,19.87) (69.57,19.82) (69.57,19.78) (69.57,19.75) (69.57,19.74) (69.57,19.65) (69.57,19.19) (69.57,19.15) (69.57,19.11) (69.57,19.07) (69.57,19.04) (69.57,19.02) (69.57,18.99) (69.57,18.97) (69.57,18.94) (69.57,18.91) (69.57,18.88) (69.57,18.85) (69.57,18.82) (69.57,18.79) (69.57,18.76) (69.57,18.73) (69.57,18.70) (69.57,18.67) (69.57,18.64) (69.57,18.61) (69.57,18.58) (69.57,18.55) (69.57,18.52) (69.57,18.49) (69.57,18.46) (69.57,18.44) (69.57,18.41) (69.57,18.39) (69.57,4.73) (69.57,4.69) (69.57,4.64) (69.57,4.59) (69.57,4.55) (69.57,4.50) (69.57,4.45) (69.57,4.40) (69.57,4.34) (69.57,4.29) (69.57,4.24) (69.57,4.19) (69.57,4.13) (69.57,4.03) (69.57,3.93) (69.57,3.83) (69.57,3.73) (69.57,3.68) (69.57,3.67) (69.57,3.54) (69.57,3.26) (69.57,2.78) (69.57,2.08) (69.57,1.18) (69.57,0.16) (65.23,0.16) (62.97,0.16) (56.00,0.16) (56.00,1.29) (56.00,1.56) (53.62,1.56) (44.00,1.56) (44.00,1.29) (44.00,0.16) (42.59,0.16) (34.79,0.16) (30.62,0.16) (30.62,1.18) (30.62,2.08) (30.62,2.78) (30.62,3.26) (30.62,5.38) (30.62,5.94) (30.62,6.61) (30.62,7.38) (30.62,8.27) (30.62,8.77) (30.62,9.29)
z=-13.6 loop 145 pts x 47.80..52.20 y 2.30..6.70
(50.00,6.70) (49.95,6.70) (49.81,6.69) (49.76,6.69) (49.62,6.67) (49.57,6.66) (49.43,6.63) (49.38,6.61) (49.25,6.57) (49.20,6.55) (49.07,6.50) (49.03,6.47) (48.90,6.41) (48.86,6.38) (48.74,6.30) (48.70,6.27) (48.59,6.19) (48.55,6.15) (48.44,6.06) (48.41,6.02) (48.31,5.92) (48.28,5.88) (48.20,5.76) (48.17,5.72) (48.09,5.60) (48.07,5.56) (48.01,5.43) (47.99,5.39) (47.93,5.25) (47.92,5.21) (47.87,5.07) (47.86,5.02) (47.83,4.88) (47.83,4.83) (47.81,4.69) (47.81,4.64) (47.80,4.50) (47.80,4.45) (47.81,4.31) (47.81,4.26) (47.83,4.12) (47.84,4.07) (47.87,3.93) (47.89,3.89) (47.93,3.75) (47.95,3.70) (48.01,3.57) (48.03,3.53) (48.09,3.40) (48.12,3.36) (48.20,3.24) (48.23,3.20) (48.31,3.09) (48.35,3.05) (48.44,2.95) (48.48,2.91) (48.59,2.82) (48.63,2.79) (48.74,2.70) (48.78,2.67) (48.90,2.60) (48.94,2.57) (49.07,2.51) (49.12,2.49) (49.25,2.43) (49.29,2.42) (49.43,2.38) (49.48,2.37) (49.62,2.34) (49.67,2.33) (49.81,2.31) (49.86,2.31) (50.00,2.30) (50.05,2.30) (50.19,2.31) (50.24,2.32) (50.38,2.34) (50.43,2.35) (50.57,2.38) (50.62,2.39) (50.75,2.43) (50.80,2.45) (50.93,2.51) (50.97,2.53) (51.10,2.60) (51.14,2.62) (51.26,2.70) (51.30,2.73) (51.41,2.82) (51.45,2.85) (51.56,2.95) (51.59,2.98) (51.69,3.09) (51.72,3.13) (51.80,3.24) (51.83,3.28) (51.91,3.40) (51.93,3.45) (51.99,3.57) (52.01,3.62) (52.07,3.75) (52.08,3.80) (52.13,3.93) (52.14,3.98) (52.17,4.12) (52.17,4.17) (52.19,4.31) (52.19,4.36) (52.20,4.50) (52.20,4.55) (52.19,4.69) (52.19,4.74) (52.17,4.88) (52.16,4.93) (52.13,5.07) (52.11,5.12) (52.07,5.25) (52.05,5.30) (51.99,5.43) (51.97,5.48) (51.91,5.60) (51.88,5.64) (51.80,5.76) (51.77,5.80) (51.69,5.92) (51.65,5.95) (51.56,6.06) (51.52,6.09) (51.41,6.19) (51.37,6.22) (51.26,6.30) (51.22,6.33) (51.10,6.41) (51.06,6.43) (50.93,6.50) (50.88,6.51) (50.75,6.57) (50.71,6.58) (50.57,6.63) (50.52,6.64) (50.38,6.67) (50.33,6.68) (50.19,6.69) (50.14,6.70) (50.00,6.70)
#### blocks: x=36.6 / 63.4 full, z=-17,-19,-21
== x = 36.600 : 1 loops
  loop 148 pts  y 0.163..36.663  z -22.523..-13.342
   (10.18,-13.34) (10.73,-14.18) (10.76,-14.22) (11.37,-15.02) (11.40,-15.06) (12.07,-15.81) (12.10,-15.84) (12.46,-15.84) (31.38,-15.84) (31.90,-15.84) (32.57,-15.09) (32.60,-15.06) (33.22,-14.26) (33.24,-14.22) (33.80,-13.38) (33.82,-13.34) (33.91,-13.34) (34.04,-13.34) (36.45,-13.34) (36.66,-13.34) (36.66,-13.54) (36.66,-15.29) (36.66,-15.55) (36.66,-15.84) (36.46,-15.84) (35.95,-15.84) (35.66,-15.84) (35.66,-18.59) (35.66,-21.34) (34.59,-21.34) (34.16,-21.34) (34.16,-19.21) (34.16,-17.07) (33.92,-17.34) (33.67,-17.60) (33.42,-17.85) (33.16,-18.10) (33.16,-19.72) (33.16,-21.34) (32.73,-21.34) (31.66,-21.34) (31.66,-20.35) (31.66,-19.35) (31.46,-19.49) (31.18,-19.70) (31.05,-19.77) (29.99,-20.43) (29.86,-20.50) (28.75,-21.06) (28.62,-21.11) (27.46,-21.58) (27.32,-21.62) (26.13,-21.99) (25.99,-22.02) (24.77,-22.29) (24.62,-22.30) (23.39,-22.46) (23.24,-22.47) (22.00,-22.52) (21.85,-22.52) (20.61,-22.46) (20.46,-22.44) (19.23,-22.29) (19.08,-22.25) (17.87,-21.99) (17.73,-21.95) (16.54,-21.58) (16.40,-21.53) (15.25,-21.06) (15.12,-20.99) (14.01,-20.43) (13.88,-20.35) (12.82,-19.70) (12.71,-19.61) (11.71,-18.86) (11.60,-18.77) (10.67,-17.94) (10.57,-17.83) (9.71,-16.93) (9.62,-16.81) (8.84,-15.84) (8.16,-15.84) (8.16,-15.84) (8.15,-15.84) (8.15,-15.84) (8.14,-15.84) (8.14,-15.84) (8.13,-15.84) (8.11,-15.84) (8.10,-15.84) (8.08,-15.84) (8.07,-15.84) (8.05,-15.84) (8.03,-15.84) (8.01,-15.84) (7.99,-15.84) (7.97,-15.84) (7.95,-15.84) (7.93,-15.84) (7.90,-15.84) (7.88,-15.84) (1.65,-15.84) (1.62,-15.84) (1.59,-15.84) (1.56,-15.84) (1.52,-15.84) (1.49,-15.84) (1.46,-15.84) (1.43,-15.84) (1.40,-15.84) (1.37,-15.84) (1.34,-15.84) (1.31,-15.84) (1.29,-15.84) (1.27,-15.84) (1.25,-15.84) (1.23,-15.84) (1.22,-15.84) (1.21,-15.84) (0.16,-15.84) (0.16,-15.55) (0.16,-15.29) (0.16,-14.70) (0.16,-13.34) (8.68,-13.34) (8.89,-13.34) (9.55,-13.34) (9.57,-13.34) (9.59,-13.34) (9.61,-13.34) (9.63,-13.34) (9.65,-13.34) (9.67,-13.34) (9.69,-13.34) (9.71,-13.34) (9.73,-13.34) (9.75,-13.34) (9.77,-13.34) (9.79,-13.34) (9.80,-13.34) (9.82,-13.34) (9.83,-13.34) (9.84,-13.34) (9.85,-13.34) (9.86,-13.34) (9.87,-13.34) (9.87,-13.34) (10.18,-13.34)
== x = 63.400 : 1 loops
  loop 144 pts  y 0.163..36.663  z -22.523..-13.342
   (33.92,-17.34) (34.16,-17.07) (34.16,-19.21) (34.16,-21.34) (34.59,-21.34) (35.66,-21.34) (35.66,-18.59) (35.66,-15.84) (35.94,-15.84) (36.66,-15.84) (36.66,-15.28) (36.66,-14.68) (36.66,-13.34) (34.25,-13.34) (34.04,-13.34) (33.82,-13.34) (33.27,-14.18) (33.24,-14.22) (32.63,-15.02) (32.60,-15.06) (31.93,-15.81) (31.90,-15.84) (20.72,-15.84) (19.84,-15.84) (12.10,-15.84) (11.43,-15.09) (11.40,-15.06) (10.78,-14.26) (10.76,-14.22) (10.20,-13.38) (10.18,-13.34) (9.87,-13.34) (9.87,-13.34) (9.86,-13.34) (9.85,-13.34) (9.84,-13.34) (9.83,-13.34) (9.82,-13.34) (9.80,-13.34) (9.79,-13.34) (9.77,-13.34) (9.75,-13.34) (9.73,-13.34) (9.71,-13.34) (9.69,-13.34) (9.67,-13.34) (9.65,-13.34) (9.63,-13.34) (9.61,-13.34) (9.59,-13.34) (9.57,-13.34) (8.89,-13.34) (0.37,-13.34) (0.16,-13.34) (0.16,-13.54) (0.16,-15.28) (0.16,-15.84) (1.21,-15.84) (1.21,-15.84) (1.22,-15.84) (1.22,-15.84) (1.23,-15.84) (1.24,-15.84) (1.26,-15.84) (1.28,-15.84) (1.30,-15.84) (1.32,-15.84) (1.34,-15.84) (1.37,-15.84) (1.40,-15.84) (1.43,-15.84) (1.46,-15.84) (1.49,-15.84) (1.52,-15.84) (1.56,-15.84) (1.59,-15.84) (1.62,-15.84) (1.66,-15.84) (7.86,-15.84) (7.88,-15.84) (7.90,-15.84) (7.93,-15.84) (7.95,-15.84) (7.97,-15.84) (7.99,-15.84) (8.01,-15.84) (8.03,-15.84) (8.05,-15.84) (8.07,-15.84) (8.08,-15.84) (8.10,-15.84) (8.11,-15.84) (8.13,-15.84) (8.14,-15.84) (8.14,-15.84) (8.84,-15.84) (8.93,-15.96) (9.71,-16.93) (9.81,-17.04) (10.67,-17.94) (10.78,-18.04) (11.71,-18.86) (11.83,-18.95) (12.82,-19.70) (12.95,-19.77) (14.01,-20.43) (14.14,-20.50) (15.25,-21.06) (15.38,-21.11) (16.54,-21.58) (16.68,-21.62) (17.87,-21.99) (18.01,-22.02) (19.23,-22.29) (19.38,-22.30) (20.61,-22.46) (20.76,-22.47) (22.00,-22.52) (22.15,-22.52) (23.39,-22.46) (23.54,-22.44) (24.77,-22.29) (24.92,-22.25) (26.13,-21.99) (26.27,-21.95) (27.46,-21.58) (27.60,-21.53) (28.75,-21.06) (28.88,-20.99) (29.99,-20.43) (30.12,-20.35) (31.18,-19.70) (31.24,-19.65) (31.46,-19.49) (31.66,-19.35) (31.66,-20.35) (31.66,-21.34) (32.73,-21.34) (33.16,-21.34) (33.16,-19.72) (33.16,-18.10) (33.42,-17.85) (33.67,-17.60) (33.92,-17.34)
== z = -17.000 : 1 loops
  loop 55 pts  x 33.000..67.000  y 9.776..35.663
   (64.63,9.78) (33.00,9.78) (33.00,9.81) (33.00,10.39) (33.00,10.54) (33.00,10.71) (33.00,10.90) (33.00,11.12) (33.00,11.39) (33.00,11.70) (33.00,12.10) (33.00,12.60) (33.00,13.26) (33.00,14.18) (33.00,15.55) (33.00,17.83) (33.00,22.37) (33.00,34.22) (33.08,34.22) (34.10,34.22) (34.10,34.31) (34.10,35.66) (35.15,35.66) (39.10,35.66) (39.10,35.27) (39.10,34.31) (39.10,34.22) (40.62,34.22) (60.90,34.22) (60.90,34.31) (60.90,35.66) (61.95,35.66) (65.90,35.66) (65.90,35.27) (65.90,34.31) (65.90,34.22) (65.98,34.22) (67.00,34.22) (67.00,22.37) (67.00,17.83) (67.00,15.55) (67.00,14.18) (67.00,13.26) (67.00,12.60) (67.00,12.10) (67.00,11.70) (67.00,11.39) (67.00,11.12) (67.00,10.90) (67.00,10.71) (67.00,10.54) (67.00,10.39) (67.00,9.81) (67.00,9.78) (64.63,9.78)
== z = -19.000 : 3 loops
  loop 65 pts  x 33.000..67.000  y 11.892..35.663
   (61.41,11.89) (33.00,11.89) (33.00,11.95) (33.00,12.38) (33.00,12.75) (33.00,13.08) (33.00,13.48) (33.00,13.93) (33.00,14.45) (33.00,15.06) (33.00,15.78) (33.00,16.65) (33.00,17.72) (33.00,19.09) (33.00,20.89) (33.00,23.40) (33.00,27.15) (33.00,32.11) (33.92,32.11) (34.10,32.11) (34.10,32.48) (34.10,34.06) (34.10,34.93) (34.10,35.66) (36.97,35.66) (39.10,35.66) (39.10,35.45) (39.10,34.93) (39.10,34.06) (39.10,32.48) (39.10,32.26) (39.10,32.11) (54.77,32.11) (60.90,32.11) (60.90,32.48) (60.90,34.06) (60.90,34.93) (60.90,35.66) (63.77,35.66) (65.90,35.66) (65.90,35.45) (65.90,34.93) (65.90,34.06) (65.90,32.48) (65.90,32.26) (65.90,32.11) (66.69,32.11) (67.00,32.11) (67.00,27.15) (67.00,23.40) (67.00,20.89) (67.00,19.09) (67.00,17.72) (67.00,16.65) (67.00,15.78) (67.00,15.06) (67.00,14.45) (67.00,13.93) (67.00,13.48) (67.00,13.08) (67.00,12.75) (67.00,12.38) (67.00,11.95) (67.00,11.89) (61.41,11.89)
  loop 11 pts  x 62.400..64.400  y 33.163..34.163
   (62.40,33.16) (62.96,33.16) (64.40,33.16) (64.40,33.44) (64.40,33.86) (64.40,34.16) (63.30,34.16) (62.40,34.16) (62.40,33.86) (62.40,33.48) (62.40,33.16)
  loop 11 pts  x 35.600..37.600  y 33.163..34.163
   (37.60,33.86) (37.60,34.16) (36.70,34.16) (35.60,34.16) (35.60,33.86) (35.60,33.48) (35.60,33.16) (37.04,33.16) (37.60,33.16) (37.60,33.44) (37.60,33.86)
== z = -21.000 : 5 loops
  loop 37 pts  x 33.000..67.000  y 15.132..28.868
   (36.17,15.13) (33.00,15.13) (33.00,15.26) (33.00,15.39) (33.00,15.51) (33.00,15.60) (33.00,15.69) (33.00,15.76) (33.00,16.41) (33.00,17.16) (33.00,18.01) (33.00,19.00) (33.00,20.17) (33.00,21.59) (33.00,23.35) (33.00,25.58) (33.00,28.53) (33.00,28.87) (63.83,28.87) (67.00,28.87) (67.00,28.53) (67.00,25.58) (67.00,23.35) (67.00,21.59) (67.00,20.17) (67.00,19.00) (67.00,18.01) (67.00,17.16) (67.00,16.41) (67.00,15.76) (67.00,15.69) (67.00,15.60) (67.00,15.51) (67.00,15.39) (67.00,15.26) (67.00,15.13) (36.17,15.13)
  loop 16 pts  x 34.100..39.100  y 31.663..35.663
   (34.10,35.66) (38.79,35.66) (39.10,35.66) (39.10,35.63) (39.10,35.56) (39.10,35.43) (39.10,35.20) (39.10,31.75) (39.10,31.66) (34.96,31.66) (34.10,31.66) (34.10,34.98) (34.10,35.20) (34.10,35.43) (34.10,35.56) (34.10,35.66)
  loop 16 pts  x 60.900..65.900  y 31.663..35.663
   (60.90,35.66) (65.59,35.66) (65.90,35.66) (65.90,35.63) (65.90,35.56) (65.90,35.43) (65.90,35.20) (65.90,31.75) (65.90,31.66) (65.04,31.66) (60.90,31.66) (60.90,34.98) (60.90,35.20) (60.90,35.43) (60.90,35.56) (60.90,35.66)
  loop 11 pts  x 62.400..64.400  y 33.163..34.163
   (62.40,33.16) (64.19,33.16) (64.40,33.16) (64.40,34.06) (64.40,34.12) (64.40,34.16) (64.24,34.16) (62.40,34.16) (62.40,34.12) (62.40,33.21) (62.40,33.16)
  loop 11 pts  x 35.600..37.600  y 33.163..34.163
   (37.60,34.12) (37.60,34.16) (35.76,34.16) (35.60,34.16) (35.60,34.12) (35.60,33.21) (35.60,33.16) (35.81,33.16) (37.60,33.16) (37.60,34.06) (37.60,34.12)
== y = 35.000 : 1 loops
  loop 134 pts  x 30.364..69.854  z -21.342..-10.406
   (30.46,-15.04) (30.47,-14.93) (30.48,-14.80) (30.50,-14.66) (30.73,-12.64) (30.74,-12.51) (30.76,-12.37) (30.77,-12.22) (30.79,-12.08) (30.81,-11.93) (30.82,-11.80) (30.84,-11.67) (30.85,-11.56) (30.98,-10.41) (34.46,-10.41) (35.30,-10.41) (35.30,-10.99) (35.30,-13.34) (42.41,-13.34) (52.22,-13.34) (57.59,-13.34) (61.09,-13.34) (64.70,-13.34) (64.70,-10.41) (66.87,-10.41) (69.17,-10.41) (69.30,-11.42) (69.31,-11.46) (69.31,-11.51) (69.32,-11.56) (69.33,-11.62) (69.33,-11.68) (69.34,-11.74) (69.35,-11.80) (69.36,-11.86) (69.36,-11.92) (69.37,-11.98) (69.61,-13.89) (69.62,-13.96) (69.62,-13.99) (69.63,-14.02) (69.63,-14.05) (69.63,-14.09) (69.64,-14.12) (69.64,-14.15) (69.65,-14.17) (69.65,-14.20) (69.65,-14.23) (69.66,-14.25) (69.66,-14.28) (69.66,-14.30) (69.66,-14.32) (69.67,-14.35) (69.67,-14.37) (69.67,-14.38) (69.82,-15.56) (69.82,-15.58) (69.82,-15.59) (69.82,-15.60) (69.82,-15.61) (69.83,-15.62) (69.83,-15.62) (69.83,-15.63) (69.83,-15.64) (69.83,-15.65) (69.83,-15.65) (69.83,-15.66) (69.83,-15.66) (69.83,-15.67) (69.83,-15.67) (69.83,-15.67) (69.85,-15.84) (67.03,-15.84) (67.00,-15.84) (67.00,-16.04) (66.10,-16.04) (65.90,-16.04) (65.90,-19.21) (65.90,-20.37) (65.90,-20.85) (65.90,-21.34) (65.50,-21.34) (65.24,-21.34) (62.45,-21.34) (61.56,-21.34) (60.90,-21.34) (60.90,-21.01) (60.90,-20.85) (60.90,-20.37) (60.90,-19.21) (60.90,-16.37) (60.90,-16.04) (43.10,-16.04) (39.10,-16.04) (39.10,-19.21) (39.10,-20.37) (39.10,-20.85) (39.10,-21.34) (38.70,-21.34) (38.44,-21.34) (35.65,-21.34) (34.76,-21.34) (34.10,-21.34) (34.10,-21.01) (34.10,-20.85) (34.10,-20.37) (34.10,-19.21) (34.10,-16.37) (34.10,-16.04) (33.20,-16.04) (33.00,-16.04) (33.00,-15.84) (30.52,-15.84) (30.36,-15.84) (30.40,-15.55) (30.40,-15.54) (30.40,-15.54) (30.40,-15.53) (30.40,-15.52) (30.40,-15.50) (30.40,-15.49) (30.41,-15.47) (30.41,-15.45) (30.41,-15.43) (30.41,-15.40) (30.42,-15.38) (30.42,-15.35) (30.42,-15.31) (30.43,-15.28) (30.43,-15.24) (30.44,-15.19) (30.44,-15.15) (30.45,-15.10) (30.46,-15.04)
== y = 32.500 : 1 loops
  loop 182 pts  x 30.364..69.854  z -21.342..-5.992
   (30.59,-13.84) (30.62,-13.55) (30.66,-13.23) (30.70,-12.88) (30.85,-11.59) (30.88,-11.26) (30.92,-10.91) (30.97,-10.55) (31.01,-10.18) (31.05,-9.82) (31.09,-9.47) (31.12,-9.16) (31.15,-8.88) (31.48,-5.99) (33.21,-5.99) (35.30,-5.99) (35.30,-7.44) (35.30,-10.31) (35.30,-10.32) (35.30,-10.37) (35.30,-10.49) (35.30,-10.66) (35.30,-10.88) (35.30,-11.14) (35.30,-11.42) (35.30,-11.71) (35.30,-12.00) (35.30,-12.26) (35.30,-12.50) (35.30,-13.53) (35.30,-13.68) (35.30,-14.95) (35.30,-14.98) (35.30,-15.17) (39.49,-15.17) (64.70,-15.17) (64.70,-15.03) (64.70,-15.03) (64.70,-14.10) (64.70,-14.09) (64.70,-13.23) (64.70,-13.22) (64.70,-13.20) (64.70,-13.19) (64.70,-8.47) (64.70,-8.46) (64.70,-8.45) (64.70,-8.44) (64.70,-8.43) (64.70,-8.42) (64.70,-8.40) (64.70,-8.39) (64.70,-8.38) (64.70,-8.02) (64.70,-7.88) (64.70,-7.88) (64.70,-7.87) (64.70,-7.86) (64.70,-7.86) (64.70,-7.84) (64.70,-7.83) (64.70,-7.82) (64.70,-7.80) (64.70,-7.78) (64.70,-7.76) (64.70,-7.74) (64.70,-7.72) (64.70,-7.69) (64.70,-7.67) (64.70,-7.64) (64.70,-7.62) (64.70,-7.59) (64.70,-7.57) (64.70,-7.54) (64.70,-7.52) (64.70,-7.50) (64.70,-7.48) (64.70,-5.99) (66.49,-5.99) (68.62,-5.99) (68.94,-8.54) (68.95,-8.64) (68.97,-8.76) (68.98,-8.89) (69.00,-9.02) (69.02,-9.17) (69.04,-9.32) (69.06,-9.48) (69.08,-9.63) (69.10,-9.79) (69.12,-9.94) (69.24,-10.95) (69.26,-11.12) (69.27,-11.20) (69.28,-11.29) (69.29,-11.37) (69.30,-11.44) (69.31,-11.52) (69.32,-11.60) (69.33,-11.67) (69.34,-11.74) (69.35,-11.80) (69.36,-11.87) (69.36,-11.93) (69.37,-11.99) (69.38,-12.04) (69.39,-12.10) (69.39,-12.15) (69.40,-12.19) (69.77,-15.13) (69.77,-15.19) (69.77,-15.21) (69.78,-15.23) (69.78,-15.26) (69.78,-15.28) (69.79,-15.30) (69.79,-15.32) (69.79,-15.33) (69.79,-15.35) (69.79,-15.36) (69.80,-15.38) (69.80,-15.39) (69.80,-15.40) (69.80,-15.41) (69.80,-15.42) (69.85,-15.84) (67.49,-15.84) (67.00,-15.84) (67.00,-16.85) (67.00,-17.87) (67.00,-18.68) (66.78,-18.68) (65.90,-18.68) (65.90,-19.02) (65.90,-21.34) (65.06,-21.34) (63.95,-21.34) (61.74,-21.34) (61.40,-21.34) (60.90,-21.34) (60.90,-19.77) (60.90,-19.02) (60.90,-18.68) (56.53,-18.68) (39.10,-18.68) (39.10,-19.02) (39.10,-21.34) (38.26,-21.34) (37.15,-21.34) (34.94,-21.34) (34.60,-21.34) (34.10,-21.34) (34.10,-19.77) (34.10,-19.02) (34.10,-18.68) (33.88,-18.68) (33.00,-18.68) (33.00,-17.87) (33.00,-16.85) (33.00,-15.84) (30.76,-15.84) (30.36,-15.84) (30.45,-15.11) (30.45,-15.10) (30.45,-15.08) (30.45,-15.06) (30.46,-15.03) (30.46,-15.00) (30.46,-14.96) (30.47,-14.92) (30.48,-14.87) (30.48,-14.81) (30.49,-14.75) (30.50,-14.68) (30.51,-14.60) (30.52,-14.52) (30.53,-14.42) (30.54,-14.32) (30.55,-14.21) (30.56,-14.10) (30.58,-13.97) (30.59,-13.84)
